240 0.0195451 -11.2196 0.221252 0.000182315 0.483095
241 0.0186504 -1.69067 0.222314 0.00017618 0.468813
242 0.0176153 -1.93886 0.223375 0.000173271 0.469282
243 0.0169232 -4.87971 0.224436 0.0001718 0.473711
244 0.0159275 -5.83776 0.225498 0.000168987 0.475221
245 0.0149995 -3.55901 0.226559 0.000164828 0.471333
246 0.0138017 -2.42409 0.22762 0.000160511 0.468655
247 0.0128737 -3.24148 0.228681 0.00015765 0.469626
248 0.0122009 -1.70717 0.229742 0.000154562 0.467713
249 0.0113485 -0.612659 0.230803 0.000150711 0.465955
250 0.0106607 -0.582119 0.231864 0.000147385 0.465705
251 0.0100296 -1.51376 0.232925 0.000144989 0.466657
252 0.00937745 -2.00595 0.233985 0.000142264 0.466969
253 0.00919628 -3.28333 0.235046 0.000140822 0.468903
254 0.00887042 -1.00205 0.236107 0.000137507 0.465844
255 0.00825527 -0.172258 0.237167 0.000134203 0.464039
256 0.00729801 -0.232226 0.238228 0.000130155 0.462803
257 0.00684076 -3.15878 0.239288 0.000128634 0.46682
258 0.00611657 -5.51462 0.240349 0.000126161 0.470225
259 0.00507134 -7.64682 0.241409 0.000122213 0.471738
260 0.00484671 -3.5608 0.242469 0.000118422 0.464734
261 0.00450145 -3.13915 0.243529 0.000115186 0.462981
262 0.00410811 -0.0387661 0.24459 0.000111239 0.458815
263 0.00382605 -0.606989 0.24565 0.000109088 0.459325
264 0.00360269 -6.19577 0.24671 0.000108703 0.467346
265 0.00314788 -5.32803 0.24777 0.000105118 0.464494
266 0.00267092 -4.47962 0.24883 0.000101619 0.4621
267 0.00241775 -3.29308 0.24989 9.87059e-05 0.460161
268 0.00217059 -4.22172 0.250949 9.65749e-05 0.460609
269 0.002142 -3.98848 0.252009 9.44896e-05 0.45979
270 0.00203458 -3.35427 0.253069 9.18812e-05 0.457905
271 0.00185234 -0.820652 0.254129 8.88233e-05 0.454682
272 0.00169562 -4.00557 0.255188 8.71883e-05 0.457891
273 0.00150363 -7.25925 0.256248 8.55298e-05 0.461609
274 0.00124318 -9.40413 0.257307 8.35822e-05 0.464257
275 0.00104179 -7.14912 0.258367 8.05817e-05 0.459813
276 0.0010782 -5.24814 0.259426 7.86002e-05 0.45724
277 0.000923903 -5.08848 0.260485 7.64305e-05 0.456081
278 0.000712606 -2.00938 0.261545 7.31739e-05 0.450896
279 0.00060619 -1.72568 0.262604 7.09473e-05 0.450258
280 0.000476216 -1.51304 0.263663 6.8715e-05 0.44874
281 0.000421157 -2.97206 0.264722 6.70649e-05 0.44873
282 0.000539172 -5.55385 0.265781 6.63016e-05 0.452256
283 0.000403785 -7.12376 0.266841 6.44716e-05 0.453524
284 0.000149856 -4.57337 0.2679 6.15692e-05 0.44878
285 0.000128688 -5.33317 0.268958 6.03814e-05 0.449553
286 6.26949e-05 -7.95704 0.270017 5.90955e-05 0.452617
287 0.000193352 -6.2118 0.271076 5.76184e-05 0.449492
288 0.000192088 -6.20266 0.272135 5.60494e-05 0.448591
289 0.000138934 -7.06644 0.273194 5.44733e-05 0.448715
290 8.98267e-05 -8.11379 0.274252 5.33748e-05 0.450171
291 0.000264161 -10.0969 0.275311 5.32688e-05 0.45418
292 0.000355485 -11.5277 0.27637 5.25604e-05 0.456298
293 0.000293972 -9.06126 0.277428 5.06173e-05 0.45127
294 0.000387166 -9.32546 0.278487 4.98421e-05 0.45165
295 0.000515211 -9.93966 0.279545 4.93906e-05 0.453092
296 0.000505165 -12.004 0.280604 4.8556e-05 0.455624
297 0.000518467 -11.2809 0.281662 4.74936e-05 0.454113
298 0.000714936 -8.44552 0.28272 4.6904e-05 0.45052
299 0.000900258 -6.40442 0.283779 4.63623e-05 0.448024
300 0.00114537 -2.06286 0.284837 4.59471e-05 0.444171
301 0.0013037 -5.37801 0.285895 4.62614e-05 0.448959
302 0.00138447 -10.1939 0.286953 4.65881e-05 0.456436
303 0.00153732 -11.8527 0.288011 4.69529e-05 0.460511
304 0.00156159 -7.87978 0.289069 4.62059e-05 0.455055
305 0.00166527 -6.72075 0.290127 4.61815e-05 0.454999
306 0.0018598 -8.57133 0.291185 4.68164e-05 0.459015
307 0.00192772 -9.45249 0.292243 4.69839e-05 0.461416
308 0.00203153 -9.26163 0.293301 4.71113e-05 0.46215
309 0.00223418 -11.4463 0.294359 4.79392e-05 0.467537
310 0.00241768 -10.2217 0.295416 4.83192e-05 0.467557
311 0.00259072 -9.69287 0.296474 4.8696e-05 0.468334
312 0.00288403 -9.37902 0.297532 4.95646e-05 0.470636
313 0.00307864 -9.1212 0.298589 5.01987e-05 0.472675
314 0.00314232 -7.22151 0.299647 5.01766e-05 0.470952
315 0.00334977 -6.83907 0.300704 5.06939e-05 0.47225
316 0.00356772 -4.1734 0.301762 5.10418e-05 0.470422
317 0.00358328 -4.12077 0.302819 5.11597e-05 0.471577
318 0.00372909 -5.07768 0.303877 5.17738e-05 0.475637
319 0.00399965 -7.37853 0.304934 5.27012e-05 0.481119
320 0.00413197 -7.56845 0.305991 5.31847e-05 0.483267
321 0.00437925 -9.11813 0.307049 5.40372e-05 0.488131
322 0.00444699 -10.8548 0.308106 5.453e-05 0.492693
323 0.00461772 -6.30281 0.309163 5.44631e-05 0.487482
324 0.004724 -6.71129 0.31022 5.47985e-05 0.489782
325 0.00471141 -7.77757 0.311277 5.50925e-05 0.493401
326 0.00484692 -9.73394 0.312334 5.56215e-05 0.49817
327 0.00511662 -7.1981 0.313391 5.59093e-05 0.496402
328 0.00525056 -5.63618 0.314448 5.60396e-05 0.495774
329 0.00538968 -3.71842 0.315505 5.61962e-05 0.49497
330 0.00559438 -7.87127 0.316562 5.71462e-05 0.504125
331 0.0057951 -8.94879 0.317619 5.7564e-05 0.507504
332 0.00593822 -4.64314 0.318675 5.73192e-05 0.502551
333 0.00594453 -3.62782 0.319732 5.71544e-05 0.502575
334 0.00603759 -3.21706 0.320789 5.7146e-05 0.503571
335 0.00616432 -2.10624 0.321845 5.71962e-05 0.503058
336 0.00615287 -3.90812 0.322902 5.72121e-05 0.506484
337 0.0061457 -4.15088 0.323959 5.69577e-05 0.507327
338 0.00611121 -3.88146 0.325015 5.66854e-05 0.507641
339 0.00638204 -4.13939 0.326072 5.71737e-05 0.510997
340 0.00651828 -3.82228 0.327128 5.72821e-05 0.512626
341 0.0063577 -4.56412 0.328184 5.69272e-05 0.514681
342 0.00617509 -5.05303 0.329241 5.64042e-05 0.515699
343 0.00624651 -3.4412 0.330297 5.60338e-05 0.51387
344 0.00637642 -1.67648 0.331353 5.57828e-05 0.51241
345 0.00641468 -6.14504 0.332409 5.60072e-05 0.520413
346 0.00644426 -9.60377 0.333466 5.61295e-05 0.527083
347 0.00632486 -6.05674 0.334522 5.50778e-05 0.520773
348 0.00624713 -6.93506 0.335578 5.46844e-05 0.522625
349 0.00618567 -5.40455 0.336634 5.39933e-05 0.520174
350 0.00614451 -3.46746 0.33769 5.33353e-05 0.517417
351 0.00602916 -5.23608 0.338746 5.29255e-05 0.52047
352 0.00593594 -7.15673 0.339802 5.25191e-05 0.523572
353 0.00583334 -8.45554 0.340858 5.19953e-05 0.525408
354 0.00566784 -8.3002 0.341913 5.12532e-05 0.524907
355 0.00559645 -5.16251 0.342969 5.03956e-05 0.520039
356 0.00562734 -4.89072 0.344025 4.99922e-05 0.52025
357 0.0055925 -5.97997 0.345081 4.96358e-05 0.522674
358 0.00547519 -6.9411 0.346136 4.90394e-05 0.523965
359 0.00543338 -6.08233 0.347192 4.83546e-05 0.522272
360 0.00540745 -5.67318 0.348247 4.77587e-05 0.521518
361 0.00530689 -5.2246 0.349303 4.70908e-05 0.52083
362 0.00521241 -6.60085 0.350358 4.654e-05 0.522711
363 0.00509417 -7.73727 0.351414 4.59258e-05 0.524097
364 0.00498891 -5.00662 0.352469 4.49913e-05 0.519196
365 0.00492562 -4.51928 0.353524 4.43427e-05 0.518232
366 0.00488332 -5.3717 0.35458 4.38341e-05 0.519449
367 0.00487127 -8.92769 0.355635 4.35897e-05 0.525078
368 0.00475096 -9.09628 0.35669 4.28173e-05 0.524209
369 0.00451443 -4.65498 0.357745 4.14955e-05 0.515458
370 0.00437888 -2.74369 0.358801 4.06608e-05 0.512113
371 0.00438292 -2.31748 0.359856 4.0196e-05 0.511761
372 0.00436854 -6.31665 0.360911 4.0004e-05 0.518228
373 0.00434701 -10.593 0.361966 3.97909e-05 0.524812
374 0.00423656 -8.79804 0.363021 3.89941e-05 0.521387
375 0.00415566 -9.5477 0.364076 3.84935e-05 0.522608
376 0.00396975 -7.55808 0.365131 3.75029e-05 0.517836
377 0.00380573 -10.7459 0.366185 3.69379e-05 0.521515
378 0.00372194 -6.98163 0.36724 3.60038e-05 0.514204
379 0.00371342 -5.02432 0.368295 3.54045e-05 0.510691
380 0.00359217 -6.66158 0.36935 3.48777e-05 0.512482
381 0.00356572 -5.36579 0.370404 3.43667e-05 0.510306
382 0.00348837 -7.83758 0.371459 3.39684e-05 0.513403
383 0.00345587 -9.30741 0.372513 3.36562e-05 0.515725
384 0.00339639 -10.283 0.373568 3.32496e-05 0.516833
385 0.00331181 -8.00685 0.374623 3.26381e-05 0.512927
386 0.00325455 -5.41942 0.375677 3.2034e-05 0.508244
387 0.00321748 -6.33751 0.376731 3.1733e-05 0.509601
388 0.00318185 -5.36166 0.377786 3.13586e-05 0.508275
389 0.00302103 -4.64544 0.37884 3.08262e-05 0.506751
390 0.00303303 -4.0076 0.379894 3.06555e-05 0.506786
391 0.00296297 -5.63165 0.380949 3.05087e-05 0.510165
392 0.00287425 -7.2572 0.382003 3.02355e-05 0.51226
393 0.00286026 -6.62708 0.383057 2.99301e-05 0.510656
394 0.00280952 -4.31423 0.384111 2.95622e-05 0.507018
395 0.00267763 -2.81738 0.385165 2.91424e-05 0.504495
396 0.00259378 -4.6015 0.386219 2.90527e-05 0.507944
397 0.00257407 -2.73165 0.387273 2.88851e-05 0.505959
398 0.00253474 -1.38004 0.388327 2.87115e-05 0.504534
399 0.00245252 -5.00557 0.389381 2.88059e-05 0.511344
400 0.00227829 -5.59227 0.390435 2.84041e-05 0.510886
401 0.00222387 -3.72014 0.391489 2.81575e-05 0.508013
402 0.00212344 -3.51144 0.392542 2.79902e-05 0.508165
403 0.00205459 -3.46598 0.393596 2.79326e-05 0.50917
404 0.0019245 -5.87052 0.39465 2.78798e-05 0.513377
405 0.00186289 -5.38619 0.395704 2.78024e-05 0.513531
406 0.00179679 -4.66842 0.396757 2.7658e-05 0.512753
407 0.00177312 -4.05752 0.397811 2.75971e-05 0.512389
408 0.00168408 -1.26402 0.398864 2.72982e-05 0.508443
409 0.00153161 -1.55411 0.399918 2.70833e-05 0.509114
410 0.00142564 -2.82116 0.400971 2.69701e-05 0.511619
411 0.00139163 -2.91919 0.402024 2.69222e-05 0.511797
412 0.00128153 -4.12323 0.403078 2.68516e-05 0.51385
413 0.00118035 -6.13597 0.404131 2.68002e-05 0.517148
414 0.00111869 -5.55764 0.405184 2.6687e-05 0.516923
415 0.00101077 -4.4122 0.406238 2.64654e-05 0.515395
416 0.00095193 -4.97204 0.407291 2.64432e-05 0.517138
417 0.000916476 -3.65641 0.408344 2.62931e-05 0.515463
418 0.00088058 -5.75262 0.409397 2.64038e-05 0.519791
419 0.000815014 -4.96672 0.41045 2.61948e-05 0.518423
420 0.000737876 -3.1069 0.411503 2.59576e-05 0.51599
421 0.000614445 -3.42365 0.412556 2.56689e-05 0.516167
422 0.000593874 -4.92184 0.413609 2.57028e-05 0.518968
423 0.000597487 -5.24662 0.414662 2.57518e-05 0.520619
424 0.000570311 -2.59419 0.415715 2.55425e-05 0.517639
425 0.000451733 0.677897 0.416767 2.49919e-05 0.512714
426 0.000371944 0.377117 0.41782 2.47729e-05 0.513447
427 0.000326757 -8.2064 0.418873 2.52944e-05 0.526073
428 0.000322354 -8.49474 0.419925 2.52841e-05 0.527264
429 0.000351078 -6.42194 0.420978 2.51985e-05 0.525198
430 0.000320794 -4.50882 0.422031 2.49509e-05 0.522936
431 0.000258925 -5.60838 0.423083 2.48636e-05 0.524624
432 0.000166096 -10.1652 0.424136 2.49133e-05 0.531928
433 0.000115169 -10.5498 0.425188 2.46892e-05 0.531887
434 0.000165023 -6.22179 0.42624 2.4416e-05 0.525875
435 0.00021264 -5.33123 0.427293 2.44553e-05 0.526383
436 0.000219746 -4.81189 0.428345 2.43592e-05 0.525917
437 0.000183714 -6.08962 0.429397 2.42499e-05 0.527843
438 0.000141653 -2.6294 0.43045 2.37829e-05 0.522495
439 5.04968e-05 -4.17116 0.431502 2.35982e-05 0.523889
440 -3.11494e-06 -8.21129 0.432554 2.3705e-05 0.530977
441 7.28837e-05 -9.60792 0.433606 2.39622e-05 0.535825
442 0.000119468 -8.61009 0.434658 2.39285e-05 0.535575
443 0.000100973 -8.14698 0.43571 2.36848e-05 0.534372
444 0.000166473 -5.51381 0.436762 2.35351e-05 0.531326
445 0.000219102 -4.99895 0.437814 2.35168e-05 0.531615
446 0.000199576 -4.29482 0.438866 2.32915e-05 0.530381
447 0.0001611 -5.87649 0.439918 2.32228e-05 0.533316
448 0.000166192 -7.39609 0.440969 2.31997e-05 0.536354
449 0.000205312 -9.26411 0.442021 2.32474e-05 0.540095
450 0.000262086 -7.72832 0.443073 2.31189e-05 0.538261
451 0.000302264 -7.92013 0.444124 2.31105e-05 0.540013
452 0.000321895 -7.15229 0.445176 2.29993e-05 0.53953
453 0.000353502 -7.19055 0.446228 2.29527e-05 0.540629
454 0.000395186 -4.46989 0.447279 2.26913e-05 0.536741
455 0.000429909 -5.13993 0.44833 2.26906e-05 0.538509
456 0.000461629 -8.16338 0.449382 2.28777e-05 0.545562
457 0.000450982 -10.1785 0.450433 2.27757e-05 0.5485
458 0.000474706 -12.036 0.451485 2.27288e-05 0.551487
459 0.000533771 -12.1732 0.452536 2.27008e-05 0.552622
460 0.000599817 -11.2541 0.453587 2.26321e-05 0.552135
461 0.000627688 -10.0653 0.454638 2.25304e-05 0.551571
462 0.000619764 -10.981 0.455689 2.24664e-05 0.554031
463 0.000639919 -11.535 0.456741 2.23555e-05 0.555014
464 0.000696568 -9.40447 0.457792 2.20907e-05 0.550695
465 0.000726353 -10.5954 0.458843 2.20417e-05 0.552937
466 0.000750242 -12.9179 0.459894 2.20956e-05 0.557808
467 0.000804703 -11.849 0.460945 2.20695e-05 0.55794
468 0.000890482 -10.7457 0.461995 2.21285e-05 0.558788
469 0.000925694 -8.18264 0.463046 2.1944e-05 0.555399
470 0.000950986 -6.93186 0.464097 2.17724e-05 0.553522
471 0.000997308 -7.66446 0.465148 2.17765e-05 0.555756
472 0.00106269 -6.56355 0.466198 2.17962e-05 0.556239
473 0.0010325 -7.15779 0.467249 2.16388e-05 0.557053
474 0.00101449 -9.91993 0.4683 2.16155e-05 0.561675
475 0.00116298 -11.2062 0.46935 2.18576e-05 0.566281
476 0.00121122 -9.97903 0.470401 2.17713e-05 0.565048
477 0.00120347 -7.63639 0.471451 2.15219e-05 0.561022
478 0.00121062 -7.83782 0.472502 2.14818e-05 0.562391
479 0.00127131 -8.03948 0.473552 2.15542e-05 0.564604
480 0.00140533 -8.27472 0.474602 2.18217e-05 0.568824
481 0.00147199 -8.9657 0.475653 2.19364e-05 0.572016
482 0.00146598 -7.74929 0.476703 2.17585e-05 0.569665
483 0.00148235 -9.18936 0.477753 2.18605e-05 0.57406
484 0.00157594 -9.48908 0.478803 2.20749e-05 0.577985
485 0.00162607 -9.57523 0.479853 2.21336e-05 0.579684
486 0.00170232 -6.03557 0.480903 2.21053e-05 0.57612
487 0.00179591 -4.21242 0.481953 2.22277e-05 0.57639
488 0.0018676 -5.14726 0.483003 2.24221e-05 0.580738
489 0.00188867 -5.75501 0.484053 2.25438e-05 0.584345
490 0.00189103 -6.83821 0.485103 2.26656e-05 0.588647
491 0.00193468 -2.80326 0.486153 2.25535e-05 0.58335
492 0.00203027 -1.85385 0.487203 2.27146e-05 0.584843
493 0.00208297 -5.36066 0.488252 2.30671e-05 0.594574
494 0.00212628 -5.96695 0.489302 2.32438e-05 0.598629
495 0.00217223 -3.4262 0.490352 2.32535e-05 0.596749
496 0.00220897 -1.09902 0.491401 2.32379e-05 0.594676
497 0.00222386 -3.76719 0.492451 2.34409e-05 0.601448
498 0.00224643 -3.324 0.4935 2.35072e-05 0.602792
499 0.00223138 -2.15975 0.49455 2.34565e-05 0.601903
500 0.00223476 -1.75415 0.495599 2.35099e-05 0.603358
501 0.00229915 -5.1535 0.496649 2.38793e-05 0.613129
502 0.00233144 -3.84499 0.497698 2.38752e-05 0.612195
503 0.0023405 -1.72846 0.498747 2.38235e-05 0.610073
504 0.00237109 -3.02656 0.499796 2.40436e-05 0.615846
505 0.0023974 -1.38654 0.500845 2.40636e-05 0.615292
506 0.0024095 -1.06225 0.501895 2.41257e-05 0.616941
507 0.00242288 -2.95887 0.502944 2.43155e-05 0.622997
508 0.00246113 -1.94045 0.503993 2.43709e-05 0.623551
509 0.00244211 -2.99086 0.505042 2.43885e-05 0.626043
510 0.00244603 -0.962435 0.50609 2.43261e-05 0.624046
511 0.00243386 1.17071 0.507139 2.42734e-05 0.622516
512 0.00243829 1.38589 0.508188 2.43392e-05 0.624683
513 0.00239422 0.516061 0.509237 2.43204e-05 0.626867
514 0.00238552 -2.12821 0.510286 2.44606e-05 0.63316
515 0.00237622 -6.32092 0.511334 2.4707e-05 0.642916
516 0.00237996 -5.49673 0.512383 2.47325e-05 0.643957
517 0.00240097 -0.776636 0.513432 2.45236e-05 0.63675
518 0.00238233 0.128255 0.51448 2.43928e-05 0.634879
519 0.00237183 -0.282512 0.515529 2.44032e-05 0.636924
520 0.0023655 -2.30627 0.516577 2.4557e-05 0.643222
521 0.0023395 0.910554 0.517625 2.43348e-05 0.637837
522 0.0022718 2.62452 0.518674 2.4117e-05 0.634488
523 0.00222528 -1.26408 0.519722 2.42199e-05 0.64204
524 0.00221937 1.1168 0.52077 2.40342e-05 0.637791
525 0.00218563 -0.0187709 0.521819 2.39803e-05 0.639654
526 0.0021667 2.46554 0.522867 2.37772e-05 0.63522
527 0.00211972 -0.203246 0.523915 2.38122e-05 0.640517
528 0.00203412 -3.07611 0.524963 2.38243e-05 0.64621
529 0.00198189 -4.2378 0.526011 2.37795e-05 0.648745
530 0.00200693 -1.3339 0.527059 2.36471e-05 0.644846
531 0.00200928 -2.12956 0.528107 2.37304e-05 0.648959
532 0.00191892 -0.994418 0.529155 2.34608e-05 0.645593
533 0.00186915 -0.309592 0.530202 2.32373e-05 0.642835
534 0.00186992 2.65238 0.53125 2.30196e-05 0.637476
535 0.00184909 0.0371016 0.532298 2.30726e-05 0.642871
536 0.00179894 -3.64722 0.533345 2.31537e-05 0.650282
537 0.00175809 -2.50054 0.534393 2.30237e-05 0.649138
538 0.00174691 2.38927 0.535441 2.26917e-05 0.640016
539 0.00172409 -0.690642 0.536488 2.27288e-05 0.645541
540 0.00162992 -4.53892 0.537536 2.26827e-05 0.651155
541 0.00153501 -2.90286 0.538583 2.23768e-05 0.646771
542 0.00153185 -1.75293 0.53963 2.23211e-05 0.646597
543 0.00154921 -1.32884 0.540678 2.22888e-05 0.647118
544 0.0015061 -2.67611 0.541725 2.21813e-05 0.648478
545 0.00145285 -2.3201 0.542772 2.19931e-05 0.646897
546 0.00138406 -4.17286 0.543819 2.19129e-05 0.649775
547 0.00138615 -2.09283 0.544866 2.1738e-05 0.64607
548 0.00141373 -1.65767 0.545913 2.17341e-05 0.647028
549 0.00132113 -1.69764 0.54696 2.14691e-05 0.64473
550 0.00125774 -1.90517 0.548007 2.13505e-05 0.645349
551 0.00119757 -2.74213 0.549054 2.12188e-05 0.646095
552 0.00113954 -4.23154 0.550101 2.10969e-05 0.647468
553 0.0011313 -5.56282 0.551148 2.11261e-05 0.651217
554 0.00110426 -4.34671 0.552195 2.09221e-05 0.647973
555 0.00106853 -4.45224 0.553241 2.08e-05 0.647797
556 0.00103431 -3.79138 0.554288 2.06464e-05 0.646244
557 0.00102945 -0.957937 0.555335 2.04498e-05 0.641358
558 0.00102937 -1.41877 0.556381 2.04409e-05 0.643303
559 0.000983702 -3.11655 0.557428 2.0411e-05 0.646637
560 0.00093544 -5.75395 0.558474 2.03779e-05 0.650637
561 0.00091057 -3.89525 0.559521 2.01835e-05 0.646854
562 0.000877905 -2.05326 0.560567 1.99895e-05 0.643202
563 0.000817202 -4.91564 0.561613 1.99319e-05 0.646975
564 0.000813919 -5.94655 0.562659 1.99503e-05 0.649902
565 0.000809041 -0.829556 0.563706 1.95943e-05 0.639766
566 0.000824796 2.347 0.564752 1.94616e-05 0.63562
567 0.000802598 2.55503 0.565798 1.93603e-05 0.634594
568 0.000754093 2.63775 0.566844 1.92398e-05 0.634118
569 0.000705534 1.68004 0.56789 1.91241e-05 0.634665
570 0.000684555 -0.595151 0.568936 1.91925e-05 0.639279
571 0.00066548 0.0537795 0.569982 1.91189e-05 0.638751
572 0.000623197 -0.504885 0.571027 1.90183e-05 0.639017
573 0.000629626 0.913889 0.572073 1.8945e-05 0.637227
574 0.000570278 -1.68427 0.573119 1.89511e-05 0.641915
575 0.000505981 -4.23001 0.574165 1.89604e-05 0.646804
576 0.00049692 -0.296677 0.57521 1.87334e-05 0.639564
577 0.000484365 1.48272 0.576256 1.86387e-05 0.637209
578 0.000476511 1.22106 0.577301 1.86471e-05 0.638861
579 0.000490792 3.2653 0.578347 1.85929e-05 0.637711
580 0.000440326 4.8307 0.579392 1.84052e-05 0.635665
581 0.000440723 2.93795 0.580438 1.84618e-05 0.638115
582 0.000418358 -0.737262 0.581483 1.85829e-05 0.644202
583 0.000365797 -2.87026 0.582528 1.85934e-05 0.647983
584 0.000339977 -4.36631 0.583573 1.86293e-05 0.651452
585 0.000335102 -3.85945 0.584618 1.86088e-05 0.651643
586 0.000317721 -0.723977 0.585663 1.84232e-05 0.646728
587 0.000323484 0.254063 0.586709 1.84167e-05 0.647284
588 0.000324168 2.87261 0.587754 1.83326e-05 0.646077
589 0.000283319 1.49318 0.588798 1.83211e-05 0.648094
590 0.000238574 0.277443 0.589843 1.82704e-05 0.648558
591 0.000253468 2.59381 0.590888 1.82662e-05 0.64883
592 0.000258504 0.682907 0.591933 1.84227e-05 0.652297
593 0.000241509 -0.779327 0.592978 1.85139e-05 0.656674
594 0.000207075 1.90869 0.594022 1.83294e-05 0.653229
595 0.00017272 -0.946194 0.595067 1.84075e-05 0.656382
596 0.000148056 -1.62352 0.596111 1.84048e-05 0.657875
597 0.000113699 -0.884811 0.597156 1.82917e-05 0.656779
598 7.51301e-05 -3.3024 0.5982 1.83184e-05 0.660126
599 9.00037e-05 -3.82511 0.599245 1.84275e-05 0.663697
600 9.89753e-05 -3.25316 0.600289 1.84407e-05 0.66433
601 0.000112222 0.478401 0.601333 1.83358e-05 0.661217
602 9.27266e-05 -0.568262 0.602378 1.83712e-05 0.664032
603 0.000103458 -2.38747 0.603422 1.8531e-05 0.669256
604 9.24686e-05 -2.74182 0.604466 1.85921e-05 0.671482
605 7.77127e-05 -2.1752 0.60551 1.8584e-05 0.672454
606 8.18431e-05 -6.18119 0.606554 1.88228e-05 0.681419
607 8.09261e-05 -2.34785 0.607598 1.85425e-05 0.672931
608 8.6416e-05 -2.34381 0.608642 1.85891e-05 0.674622
609 7.87994e-05 2.98773 0.609686 1.84044e-05 0.672794
610 2.72278e-05 0.26065 0.61073 1.83957e-05 0.673221
611 4.71295e-05 -2.25735 0.611773 1.86062e-05 0.678965
612 4.23048e-05 -6.50398 0.612817 1.88662e-05 0.689155
613 -4.443e-06 -4.11822 0.613861 1.85807e-05 0.681862
614 -8.59745e-06 -2.62379 0.614904 1.85694e-05 0.682496
615 8.15201e-06 -2.20606 0.615948 1.86247e-05 0.685153
616 3.74784e-05 -2.6909 0.616991 1.86861e-05 0.686245
617 7.24557e-05 0.306657 0.618035 1.86598e-05 0.686129
618 7.90794e-05 1.18434 0.619078 1.8652e-05 0.686915
619 3.64617e-05 0.0450842 0.620121 1.86198e-05 0.68792
620 4.09514e-05 0.588606 0.621164 1.86578e-05 0.689061
621 1.77069e-05 -1.89767 0.622208 1.86699e-05 0.691342
622 -3.30243e-05 0.555948 0.623251 1.87229e-05 0.694142
623 1.19533e-05 0.467281 0.624294 1.868e-05 0.694004
624 6.63693e-06 -1.14902 0.625337 1.87341e-05 0.697486
625 1.62129e-05 0.173625 0.62638 1.86986e-05 0.697871
626 4.90728e-05 -0.283193 0.627423 1.87738e-05 0.698795
627 3.5777e-05 1.91666 0.628466 1.87534e-05 0.699848
628 -5.1009e-06 0.783481 0.629508 1.87562e-05 0.70069
629 -2.9133e-08 0.116802 0.630551 1.87834e-05 0.702443
630 1.25218e-06 -2.43481 0.631594 1.88137e-05 0.705625
631 -1.3473e-05 -2.42133 0.632636 1.87939e-05 0.706202
632 6.97278e-06 -0.98911 0.633679 1.87557e-05 0.705852
633 4.19228e-06 1.70438 0.634722 1.87637e-05 0.707319
634 5.67238e-06 4.06126 0.635764 1.88762e-05 0.712304
635 3.02663e-05 3.68587 0.636806 1.88565e-05 0.7127
636 2.47446e-05 1.53599 0.637849 1.8794e-05 0.711431
637 3.51127e-05 1.23927 0.638891 1.88012e-05 0.712591
638 6.74749e-05 1.31374 0.639933 1.88597e-05 0.715408
639 6.87932e-05 1.97019 0.640975 1.87997e-05 0.715569
640 9.31954e-05 1.69574 0.642018 1.88578e-05 0.716878
641 7.82261e-05 -0.832248 0.64306 1.89438e-05 0.719847
642 2.75765e-05 -2.99579 0.644102 1.89199e-05 0.722781
643 2.86904e-05 -1.74327 0.645144 1.88488e-05 0.721155
644 4.91497e-05 1.49344 0.646185 1.88834e-05 0.722819
645 6.33793e-05 3.47053 0.647227 1.88882e-05 0.724818
646 6.65803e-05 0.221602 0.648269 1.88822e-05 0.724709
647 5.53206e-05 -3.1541 0.649311 1.90103e-05 0.729608
648 1.99317e-05 -4.95068 0.650352 1.90588e-05 0.733517
649 2.8009e-05 -1.92628 0.651394 1.89304e-05 0.729486
650 5.39683e-05 0.250726 0.652436 1.88864e-05 0.728979
651 6.41186e-05 3.79353 0.653477 1.88695e-05 0.731239
652 0.000101631 3.92032 0.654519 1.89365e-05 0.733656
653 7.22873e-05 2.93393 0.65556 1.89586e-05 0.733797
654 5.75775e-05 3.56576 0.656601 1.8932e-05 0.735896
655 4.85112e-05 0.997562 0.657642 1.89062e-05 0.735141
656 4.72191e-05 -1.8873 0.658684 1.90579e-05 0.740818
657 3.74737e-05 -4.23697 0.659725 1.91694e-05 0.74579
658 4.98024e-05 -3.40952 0.660766 1.92037e-05 0.747513
659 7.98427e-05 -3.99859 0.661807 1.93513e-05 0.751989
660 8.89802e-05 -0.72207 0.662848 1.91973e-05 0.747263
661 6.44342e-05 1.2375 0.663889 1.90417e-05 0.743832
662 6.33064e-05 -0.5169 0.66493 1.90996e-05 0.746971
663 9.58372e-05 1.70888 0.66597 1.91351e-05 0.749148
664 8.12678e-05 0.774098 0.667011 1.91621e-05 0.750101
665 4.71203e-05 -1.1332 0.668052 1.91565e-05 0.751863
666 3.31711e-05 -1.64071 0.669092 1.91866e-05 0.754306
667 2.87566e-05 -1.8837 0.670133 1.92102e-05 0.755555
668 5.09155e-05 -0.263699 0.671173 1.92451e-05 0.756188
669 7.53878e-05 0.0935764 0.672214 1.92964e-05 0.759028
670 5.67681e-05 -0.416012 0.673254 1.92927e-05 0.760512
671 4.27657e-05 -1.98007 0.674295 1.93649e-05 0.764106
672 4.97973e-05 -0.934865 0.675335 1.93188e-05 0.763292
673 6.56882e-05 -1.06783 0.676375 1.93991e-05 0.766061
674 5.97292e-05 -4.05315 0.677415 1.95876e-05 0.773689
675 4.2269e-05 -3.34328 0.678455 1.95291e-05 0.772824
676 3.59814e-05 -1.37525 0.679495 1.94892e-05 0.771601
677 3.13374e-05 0.179059 0.680535 1.94341e-05 0.770523
678 7.79734e-05 0.159369 0.681575 1.95707e-05 0.774637
679 9.91405e-05 0.497758 0.682615 1.96487e-05 0.777168
680 0.000107337 3.19512 0.683655 1.95795e-05 0.77693
681 9.82383e-05 2.76353 0.684694 1.96e-05 0.779105
682 6.81856e-05 -0.329039 0.685734 1.96853e-05 0.782016
683 4.96407e-05 -1.65642 0.686774 1.97511e-05 0.785371
684 7.3511e-05 1.92549 0.687813 1.9698e-05 0.784334
685 4.22812e-05 1.03946 0.688853 1.96886e-05 0.784733
686 4.6199e-05 1.47805 0.689892 1.97842e-05 0.789319
687 5.94088e-05 2.39834 0.690931 1.98257e-05 0.791669
688 1.5746e-05 1.81468 0.691971 1.98828e-05 0.79495
689 2.94654e-05 2.66456 0.69301 1.99185e-05 0.796739
690 6.39383e-05 1.53354 0.694049 1.99125e-05 0.796296
691 7.77831e-05 -0.402899 0.695088 2.00531e-05 0.800306
692 4.68022e-05 0.355821 0.696127 2.00288e-05 0.801517
693 4.17259e-05 1.26954 0.697166 2.00462e-05 0.802619
694 5.26879e-05 -0.605474 0.698205 2.00699e-05 0.803312
695 1.604e-05 -4.23475 0.699244 2.01855e-05 0.810102
696 -5.04355e-06 -4.50204 0.700283 2.01955e-05 0.811775
697 -1.50953e-05 -2.12022 0.701322 2.01202e-05 0.809641
698 -1.71453e-05 -4.62292 0.70236 2.02953e-05 0.816765
699 4.07848e-05 -2.2036 0.703399 2.03245e-05 0.817476
700 6.33627e-05 -1.36745 0.704437 2.03906e-05 0.81955
701 0.000109719 -1.61535 0.705476 2.05811e-05 0.82445
702 6.69482e-05 1.13872 0.706514 2.03306e-05 0.818124
703 -1.41539e-05 -0.22339 0.707553 2.03336e-05 0.820041
704 -2.01302e-05 -0.984632 0.708591 2.04115e-05 0.822144
705 5.78783e-06 0.805916 0.709629 2.04243e-05 0.824921
706 1.29072e-05 -1.17951 0.710667 2.04641e-05 0.827522
707 1.0982e-05 -1.78806 0.711706 2.05087e-05 0.830669
708 4.73636e-05 -2.44776 0.712744 2.06547e-05 0.834506
709 6.54548e-05 -1.17092 0.713782 2.06023e-05 0.832786
710 3.77155e-05 -0.394876 0.71482 2.06106e-05 0.834348
711 4.84909e-05 -2.41348 0.715857 2.08174e-05 0.842196
712 -1.05517e-05 -3.93057 0.716895 2.07258e-05 0.841972
713 6.25444e-07 -1.36342 0.717933 2.06701e-05 0.840079
714 5.79687e-05 -1.69143 0.718971 2.08321e-05 0.844949
715 0.000120757 5.13645 0.720008 2.08448e-05 0.848407
716 0.000105512 5.94528 0.721046 2.08701e-05 0.851941
717 8.29039e-05 4.44572 0.722083 2.08601e-05 0.850996
718 1.68736e-05 5.18245 0.723121 2.10821e-05 0.859495
719 1.68935e-05 4.44687 0.724158 2.10599e-05 0.859814
720 2.44859e-05 3.62032 0.725195 2.09949e-05 0.857765
721 3.53532e-05 2.75954 0.726233 2.10021e-05 0.857548
722 6.8641e-05 3.09824 0.72727 2.106e-05 0.859646
723 3.98682e-05 1.71913 0.728307 2.10132e-05 0.858567
724 1.51717e-06 2.19037 0.729344 2.10527e-05 0.861948
725 1.48714e-05 2.65559 0.730381 2.10717e-05 0.864035
726 3.88057e-06 -1.97106 0.731418 2.11208e-05 0.865507
727 -4.57953e-06 -3.40671 0.732455 2.11815e-05 0.86921
728 -5.5835e-05 -4.62057 0.733492 2.1172e-05 0.871135
729 -6.06614e-05 -4.09079 0.734528 2.11914e-05 0.871517
730 -5.08281e-05 -1.93995 0.735565 2.12025e-05 0.870312
731 -2.80527e-06 -1.97848 0.736602 2.12801e-05 0.875603
732 5.28368e-05 -0.72932 0.737638 2.13641e-05 0.878653
733 7.0643e-05 1.03977 0.738675 2.13407e-05 0.878098
734 7.66278e-05 2.17246 0.739711 2.13865e-05 0.880655
735 4.87199e-05 -0.52896 0.740747 2.14692e-05 0.884606
736 1.51936e-05 -0.665883 0.741784 2.14518e-05 0.885643
737 8.94221e-06 -0.339952 0.74282 2.14564e-05 0.885903
738 -5.94637e-05 -3.86935 0.743856 2.15096e-05 0.889169
739 -1.9676e-06 -2.48326 0.744892 2.15964e-05 0.892868
740 4.10382e-06 -2.9975 0.745928 2.17169e-05 0.897907
741 -2.71697e-05 -4.29256 0.746964 2.17046e-05 0.899403
742 -3.8526e-05 -4.17661 0.748 2.16941e-05 0.899695
743 -2.14357e-05 -2.24724 0.749036 2.16941e-05 0.898391
744 -9.86069e-06 -3.19025 0.750072 2.17998e-05 0.903934
745 2.3329e-05 -2.78681 0.751107 2.18869e-05 0.908089
746 1.53106e-05 -0.154317 0.752143 2.1801e-05 0.905954
747 3.30785e-05 -0.0440005 0.753179 2.17743e-05 0.90538
748 3.24512e-05 -0.207467 0.754214 2.18551e-05 0.908051
749 4.4128e-06 -0.420712 0.75525 2.19082e-05 0.911479
750 -2.20826e-05 -1.6385 0.756285 2.20239e-05 0.915856
751 -5.16208e-05 -2.90615 0.75732 2.19737e-05 0.915145
752 -4.72385e-05 -1.65918 0.758355 2.19639e-05 0.914905
753 -3.62114e-05 1.02465 0.759391 2.21051e-05 0.921342
754 -1.8549e-05 0.384227 0.760426 2.21269e-05 0.92338
755 1.44287e-05 2.51677 0.761461 2.21411e-05 0.925285
756 3.22138e-05 2.40855 0.762496 2.21549e-05 0.926029
757 2.4989e-05 5.56307 0.763531 2.23961e-05 0.93677
758 4.39866e-05 5.75293 0.764566 2.237e-05 0.937468
759 1.53156e-05 2.42379 0.7656 2.23219e-05 0.934678
760 1.9285e-05 0.991159 0.766635 2.2325e-05 0.934307
761 4.34591e-05 0.581824 0.76767 2.24058e-05 0.937879
762 4.89136e-05 1.55148 0.768704 2.24093e-05 0.937869
763 5.05405e-05 0.82132 0.769739 2.24892e-05 0.941896
764 4.73837e-05 -0.558741 0.770773 2.26001e-05 0.946732
765 2.16004e-05 -3.27604 0.771808 2.27034e-05 0.951568
766 7.3941e-05 -0.545033 0.772842 2.27358e-05 0.951638
767 4.91827e-05 1.99675 0.773876 2.26392e-05 0.950974
768 -9.66555e-06 1.29133 0.77491 2.26595e-05 0.951953
769 1.11138e-05 1.57271 0.775945 2.26905e-05 0.953264
770 4.10112e-05 1.16244 0.776979 2.27544e-05 0.955814
771 4.20303e-05 -0.12091 0.778013 2.28398e-05 0.959613
772 5.99591e-05 0.656756 0.779046 2.29201e-05 0.963302
773 5.71712e-05 1.95258 0.78008 2.29324e-05 0.965253
774 5.33128e-05 1.71576 0.781114 2.29403e-05 0.965915
775 0.000123822 1.47024 0.782148 2.3153e-05 0.972136
776 0.000144155 -0.364962 0.783181 2.33309e-05 0.97852
777 0.000119987 -3.53604 0.784215 2.35464e-05 0.988941
778 3.45046e-05 -3.50101 0.785249 2.32595e-05 0.980812
779 6.28999e-05 3.2144 0.786282 2.32069e-05 0.981026
780 7.68273e-05 4.05107 0.787315 2.32705e-05 0.98388
781 6.89791e-05 0.880591 0.788349 2.33202e-05 0.983915
782 8.67725e-05 0.00898133 0.789382 2.34374e-05 0.987155
783 0.000101663 -0.678228 0.790415 2.3589e-05 0.993763
784 3.99442e-05 -1.77838 0.791448 2.35342e-05 0.993481
785 7.27189e-07 -2.18426 0.792481 2.35526e-05 0.995341
786 1.99083e-05 -4.17706 0.793514 2.37544e-05 1.00426
787 5.53738e-05 -2.65374 0.794547 2.38036e-05 1.00713
788 6.48558e-05 1.61283 0.79558 2.36368e-05 1.00098
789 9.21269e-05 3.47584 0.796613 2.36983e-05 1.00322
790 1.87474e-05 -0.877506 0.797645 2.37379e-05 1.00576
791 -4.90968e-06 -0.840333 0.798678 2.37953e-05 1.00909
792 -1.65568e-05 -1.46995 0.799711 2.37907e-05 1.0101
793 -1.74473e-05 -3.89467 0.800743 2.3914e-05 1.01561
794 -7.88598e-07 -3.53733 0.801776 2.40144e-05 1.02008
795 4.61904e-05 0.44048 0.802808 2.39997e-05 1.01862
796 5.72521e-05 1.51179 0.80384 2.40501e-05 1.0207
797 6.72505e-05 0.949527 0.804872 2.41528e-05 1.02475
798 4.28949e-05 2.37169 0.805905 2.41265e-05 1.02555
799 3.4867e-05 1.55148 0.806937 2.41644e-05 1.02817
800 5.20787e-05 3.34565 0.807969 2.42024e-05 1.03042
801 3.25689e-05 0.482137 0.809001 2.42732e-05 1.03394
802 4.1395e-05 -0.218999 0.810032 2.43985e-05 1.03817
803 5.56718e-05 -1.65399 0.811064 2.4535e-05 1.04327
804 6.15923e-05 -0.750983 0.812096 2.4549e-05 1.0441
805 6.35456e-05 0.415569 0.813128 2.45055e-05 1.04323
806 3.67461e-05 -3.56449 0.814159 2.47568e-05 1.0546
807 3.90195e-05 -4.3334 0.815191 2.48839e-05 1.06007
808 3.00434e-05 -3.331 0.816222 2.48245e-05 1.05844
809 7.15388e-05 1.41791 0.817254 2.4676e-05 1.05361
810 7.96688e-05 0.0412502 0.818285 2.48332e-05 1.05817
811 8.59964e-05 1.33238 0.819316 2.48334e-05 1.05875
812 0.000147495 6.53343 0.820347 2.49089e-05 1.06452
813 0.000200289 7.76153 0.821378 2.49849e-05 1.06648
814 0.000125557 2.42243 0.822409 2.50226e-05 1.06799
815 9.78514e-05 0.669157 0.82344 2.51272e-05 1.07286
816 8.83333e-05 3.75171 0.824471 2.50519e-05 1.07083
817 5.72035e-05 2.66637 0.825502 2.51015e-05 1.07307
818 2.25259e-05 1.09581 0.826533 2.51562e-05 1.07711
819 4.44492e-05 1.49702 0.827563 2.52172e-05 1.0793
820 3.41792e-05 1.96666 0.828594 2.51885e-05 1.07981
821 6.51045e-06 3.83689 0.829625 2.53794e-05 1.08758
822 9.74138e-06 3.65383 0.830655 2.54003e-05 1.08895
823 -1.60103e-05 -0.379019 0.831685 2.54046e-05 1.08858
824 -1.57866e-05 2.66495 0.832716 2.54824e-05 1.09348
825 5.56328e-05 5.65724 0.833746 2.55774e-05 1.09973
826 7.34186e-05 7.69048 0.834776 2.5742e-05 1.1072
827 2.25583e-05 4.98289 0.835806 2.56857e-05 1.10358
828 -2.06248e-05 1.61539 0.836836 2.56798e-05 1.10249
829 -2.60482e-05 2.54845 0.837866 2.58378e-05 1.10886
830 -3.42043e-05 -1.01663 0.838896 2.57276e-05 1.10565
831 -3.00713e-05 -1.32586 0.839926 2.58489e-05 1.1107
832 -2.08126e-05 1.83811 0.840956 2.59089e-05 1.11356
833 -1.23705e-05 2.18973 0.841985 2.59664e-05 1.11799
834 -2.05564e-05 -0.790959 0.843015 2.59797e-05 1.11911
835 -1.03118e-05 -1.26641 0.844045 2.60113e-05 1.12051
836 2.29408e-05 0.287019 0.845074 2.60677e-05 1.12249
837 8.80648e-06 -2.86803 0.846103 2.61868e-05 1.1276
838 -1.24272e-05 -3.22176 0.847133 2.6252e-05 1.13064
839 -1.31707e-05 -3.88462 0.848162 2.63406e-05 1.13633
840 -3.56482e-05 -5.17457 0.849191 2.64725e-05 1.14212
841 1.71728e-05 -3.60763 0.85022 2.65561e-05 1.1438
842 3.16574e-05 -0.647983 0.851249 2.64506e-05 1.14079
843 4.23913e-06 0.167275 0.852278 2.64526e-05 1.14242
844 6.6853e-07 0.144249 0.853307 2.65454e-05 1.14477
845 2.24189e-05 -1.39035 0.854336 2.66506e-05 1.14922
846 3.42536e-05 -1.69898 0.855365 2.67162e-05 1.1527
847 1.83314e-05 1.11281 0.856393 2.67678e-05 1.15571
848 7.95288e-06 2.73626 0.857422 2.6889e-05 1.16108
849 -3.78909e-05 -1.68568 0.85845 2.67987e-05 1.15733
850 -3.95506e-05 -5.18513 0.859479 2.69847e-05 1.16707
851 -6.79768e-05 -6.1207 0.860507 2.70409e-05 1.16964
852 1.19372e-06 -3.0478 0.861536 2.70373e-05 1.16925
853 -6.44803e-07 0.712328 0.862564 2.70454e-05 1.16993
854 3.81979e-06 3.07924 0.863592 2.71525e-05 1.17572
855 4.6873e-05 2.80859 0.86462 2.72027e-05 1.17816
856 2.03834e-05 2.48335 0.865648 2.72497e-05 1.18062
857 3.49413e-06 1.60472 0.866676 2.72908e-05 1.18199
858 -8.54873e-06 -0.30378 0.867704 2.73292e-05 1.18343
859 1.9462e-05 -0.234789 0.868732 2.73409e-05 1.18405
860 5.1581e-05 3.47821 0.869759 2.7425e-05 1.18869
861 -2.34875e-05 -0.517215 0.870787 2.74898e-05 1.19296
862 -6.08286e-05 -3.15913 0.871815 2.75984e-05 1.19823
863 -1.64552e-05 -0.907261 0.872842 2.75999e-05 1.19784
864 -6.64392e-05 -1.59606 0.873869 2.7703e-05 1.20143
865 -9.59427e-05 -2.46974 0.874897 2.78335e-05 1.2059
866 -5.28566e-05 -0.564437 0.875924 2.78601e-05 1.20752
867 -2.73161e-05 -2.44078 0.876951 2.7865e-05 1.20914
868 1.88969e-05 1.61928 0.877978 2.79337e-05 1.21247
869 6.78421e-05 6.98655 0.879005 2.81464e-05 1.22368
870 5.12776e-05 5.62368 0.880032 2.81164e-05 1.22269
871 4.20353e-05 4.40916 0.881059 2.81403e-05 1.22322
872 3.55211e-05 2.04791 0.882086 2.81673e-05 1.22361
873 -4.3839e-05 -2.04225 0.883113 2.82636e-05 1.22796
874 -7.52284e-05 -5.82896 0.884139 2.84309e-05 1.23755
875 -6.68407e-05 -6.22458 0.885166 2.85474e-05 1.24201
876 3.05617e-05 -7.32053 0.886193 2.90422e-05 1.26149
877 4.55532e-06 -4.54853 0.887219 2.8698e-05 1.24694
878 -4.45911e-05 -2.92658 0.888245 2.85245e-05 1.24005
879 -2.49218e-05 1.50601 0.889272 2.87082e-05 1.24761
880 6.31549e-05 0.350481 0.890298 2.87491e-05 1.24926
881 2.39083e-05 -3.32545 0.891324 2.89782e-05 1.26006
882 -5.58276e-05 -6.25811 0.89235 2.90466e-05 1.26558
883 -2.16998e-05 -4.44947 0.893376 2.92079e-05 1.27153
884 -2.12712e-05 -2.83521 0.894402 2.90722e-05 1.26594
885 5.51225e-05 0.263463 0.895428 2.90343e-05 1.26298
886 6.20702e-05 -2.01678 0.896454 2.92818e-05 1.27396
887 3.20135e-05 -6.80772 0.897479 2.97566e-05 1.29481
888 -1.58169e-05 -4.73083 0.898505 2.94322e-05 1.28217
889 1.43938e-05 -2.42956 0.89953 2.93314e-05 1.27711
890 8.90759e-05 -1.40242 0.900556 2.96169e-05 1.28771
891 5.50519e-05 0.196872 0.901581 2.94485e-05 1.28228
892 1.57306e-05 -2.06507 0.902607 2.96317e-05 1.29172
893 -4.33697e-05 -4.4004 0.903632 2.96161e-05 1.29282
894 -2.44311e-05 0.256035 0.904657 2.95437e-05 1.28933
895 2.30401e-05 1.69302 0.905682 2.96404e-05 1.29211
896 1.36464e-05 -1.2527 0.906707 2.97542e-05 1.29762
897 -3.84028e-06 -2.38225 0.907732 2.98533e-05 1.30077
898 4.88235e-05 -1.63877 0.908757 2.99533e-05 1.30538
899 2.85133e-05 -0.551832 0.909782 2.99661e-05 1.30605
900 3.83625e-05 -0.631294 0.910806 3.00843e-05 1.31244
901 1.05967e-05 -0.795307 0.911831 3.00812e-05 1.31318
902 8.97104e-06 -1.60089 0.912855 3.01336e-05 1.31483
903 1.44415e-05 -4.3787 0.91388 3.04996e-05 1.33131
904 4.4844e-05 -5.14427 0.914904 3.08239e-05 1.3443
905 5.10864e-05 -2.75023 0.915929 3.06055e-05 1.33501
906 3.00046e-05 -0.673419 0.916953 3.04053e-05 1.32704
907 6.12072e-05 3.08776 0.917977 3.04894e-05 1.33124
908 0.000101137 6.92687 0.919001 3.06454e-05 1.34019
909 3.94539e-05 3.95943 0.920025 3.06361e-05 1.33932
910 -4.93687e-05 -2.94053 0.921049 3.07233e-05 1.34419
911 -2.9752e-05 -5.00838 0.922073 3.0932e-05 1.35287
912 -1.25755e-05 -3.59025 0.923097 3.0913e-05 1.3522
913 5.00368e-06 -1.77415 0.92412 3.09333e-05 1.35244
914 -1.30012e-06 -2.39724 0.925144 3.10441e-05 1.35756
915 6.29832e-06 -1.60848 0.926167 3.10841e-05 1.35949
916 1.94364e-05 -3.10587 0.927191 3.12506e-05 1.36606
917 9.02121e-05 -1.32619 0.928214 3.14814e-05 1.37441
918 5.37178e-05 -2.48532 0.929238 3.14893e-05 1.37557
919 3.88233e-05 -1.36953 0.930261 3.13964e-05 1.37248
920 5.68385e-05 -1.07932 0.931284 3.14848e-05 1.37632
921 7.8802e-05 0.125375 0.932307 3.15104e-05 1.37748
922 4.54653e-05 -1.56579 0.93333 3.16477e-05 1.38422
923 3.10745e-05 -3.58906 0.934353 3.18607e-05 1.39324
924 6.55133e-05 -4.76416 0.935376 3.21889e-05 1.40684
925 8.95411e-05 -1.19087 0.936398 3.1983e-05 1.3986
926 7.68335e-06 -1.62716 0.937421 3.18946e-05 1.39631
927 -5.59894e-05 -6.38937 0.938444 3.20524e-05 1.40348
928 5.60924e-06 -5.42308 0.939466 3.22554e-05 1.41202
929 5.81478e-05 -1.81001 0.940489 3.2194e-05 1.40776
930 7.09199e-05 2.73133 0.941511 3.21164e-05 1.40498
931 7.34045e-05 0.843159 0.942533 3.22333e-05 1.4103
932 -1.86066e-05 -1.33344 0.943555 3.21746e-05 1.40884
933 -4.47319e-05 -1.98589 0.944578 3.22806e-05 1.41282
934 2.73547e-05 0.958154 0.9456 3.23745e-05 1.41634
935 8.4675e-05 3.99914 0.946622 3.24071e-05 1.42028
936 3.99476e-05 2.66309 0.947643 3.25418e-05 1.42727
937 8.89537e-06 0.247355 0.948665 3.25745e-05 1.42701
938 -3.84272e-05 -1.90362 0.949687 3.26408e-05 1.43039
939 -5.28001e-05 -1.78526 0.950709 3.26826e-05 1.43242
940 -1.80143e-05 -0.615041 0.95173 3.28072e-05 1.43792
941 2.96268e-06 0.145008 0.952752 3.28676e-05 1.44066
942 1.08647e-05 0.345713 0.953773 3.29949e-05 1.4467
943 2.7825e-05 1.30657 0.954794 3.31293e-05 1.45318
944 1.086e-05 -1.06376 0.955816 3.31963e-05 1.45679
945 1.58643e-05 -1.6369 0.956837 3.32804e-05 1.46049
946 5.85705e-05 0.0382397 0.957858 3.33557e-05 1.46266
947 9.21509e-05 4.0202 0.958879 3.34073e-05 1.46462
948 8.13421e-05 6.69277 0.9599 3.35742e-05 1.47368
949 5.64018e-05 2.03228 0.960921 3.34418e-05 1.46666
950 4.62577e-05 0.0407004 0.961941 3.36254e-05 1.47437
