240 0.0193806 -10.9277 0.221252 0.0001808 0.484566
241 0.0185352 -1.38277 0.222314 0.000175118 0.470395
242 0.0175463 -1.61784 0.223375 0.000172638 0.471028
243 0.0168951 -4.54344 0.224436 0.000171569 0.475613
244 0.0159366 -5.4947 0.225498 0.00016915 0.477272
245 0.0150435 -3.20863 0.226559 0.000165362 0.473495
246 0.0138731 -2.07472 0.22762 0.000161398 0.470953
247 0.0129667 -2.89332 0.228681 0.000158877 0.472082
248 0.0123123 -1.35716 0.229742 0.000156105 0.470323
249 0.0114795 -0.259585 0.230803 0.00015255 0.468691
250 0.0108128 -0.218995 0.231864 0.000149514 0.468565
251 0.0101902 -1.1565 0.232925 0.000147385 0.469662
252 0.00954425 -1.65621 0.233985 0.000144905 0.470109
253 0.00937682 -2.92343 0.235046 0.000143714 0.472188
254 0.00906678 -0.627126 0.236107 0.000140608 0.469232
255 0.00845287 0.193844 0.237167 0.00013749 0.467541
256 0.00748835 0.112365 0.238228 0.000133613 0.466421
257 0.00702638 -2.82914 0.239288 0.00013229 0.47061
258 0.00628852 -5.21411 0.240349 0.00012998 0.474177
259 0.0052252 -7.38083 0.241409 0.000126151 0.475791
260 0.00500256 -3.29316 0.242469 0.000122434 0.468833
261 0.00466114 -2.86345 0.243529 0.000119297 0.46714
262 0.00426453 0.233794 0.24459 0.000115398 0.463034
263 0.00397324 -0.351825 0.24565 0.000113313 0.463643
264 0.00374015 -5.96047 0.24671 0.00011305 0.471823
265 0.00327573 -5.10582 0.24777 0.000109498 0.469038
266 0.00278291 -4.28349 0.24883 0.000105991 0.466685
267 0.00252152 -3.11003 0.24989 0.000103066 0.464782
268 0.00226211 -4.06198 0.250949 0.000100938 0.465299
269 0.00223607 -3.82096 0.252009 9.88627e-05 0.464537
270 0.00213082 -3.17635 0.253069 9.62305e-05 0.462656
271 0.00194198 -0.651626 0.254129 9.3109e-05 0.459453
272 0.00178286 -3.83515 0.255188 9.14732e-05 0.462703
273 0.00158474 -7.0955 0.256248 8.98072e-05 0.466483
274 0.00130965 -9.26843 0.257307 8.78073e-05 0.46918
275 0.00109687 -7.03559 0.258367 8.46845e-05 0.464691
276 0.00113111 -5.14164 0.259426 8.26097e-05 0.46212
277 0.000965833 -5.00668 0.260485 8.03469e-05 0.46098
278 0.000744984 -1.94494 0.261545 7.69366e-05 0.455716
279 0.000635464 -1.66336 0.262604 7.45915e-05 0.455026
280 0.000499442 -1.46193 0.263663 7.22341e-05 0.453453
281 0.000442743 -2.92167 0.264722 7.04826e-05 0.453391
282 0.000568127 -5.48228 0.265781 6.96373e-05 0.456882
283 0.000427313 -7.061 0.266841 6.7683e-05 0.458094
284 0.000158298 -4.55023 0.2679 6.45869e-05 0.453239
285 0.000131327 -5.3318 0.268958 6.32519e-05 0.453949
286 6.34461e-05 -7.95851 0.270017 6.18421e-05 0.456952
287 0.000201322 -6.19062 0.271076 6.02041e-05 0.453678
288 0.000201838 -6.17213 0.272135 5.84723e-05 0.452628
289 0.000148707 -7.03066 0.273194 5.67318e-05 0.452596
290 9.47941e-05 -8.0957 0.274252 5.54106e-05 0.453846
291 0.000272412 -10.0712 0.275311 5.51518e-05 0.457738
292 0.000366536 -11.4901 0.27637 5.42768e-05 0.459687
293 0.000303792 -9.02453 0.277428 5.21803e-05 0.454497
294 0.000399046 -9.27817 0.278487 5.1222e-05 0.45466
295 0.000528124 -9.88558 0.279545 5.0581e-05 0.455873
296 0.000517288 -11.948 0.280604 4.95551e-05 0.458152
297 0.000529184 -11.2261 0.281662 4.82873e-05 0.45636
298 0.000725366 -8.38357 0.28272 4.7484e-05 0.452472
299 0.000909259 -6.3359 0.283779 4.67259e-05 0.44968
300 0.00115014 -1.99351 0.284837 4.6084e-05 0.445545
301 0.00130208 -5.31521 0.285895 4.61639e-05 0.450063
302 0.00137495 -10.1443 0.286953 4.62427e-05 0.457276
303 0.00151775 -11.8176 0.288011 4.63512e-05 0.461086
304 0.00153335 -7.86116 0.289069 4.53714e-05 0.455361
305 0.00162709 -6.71678 0.290127 4.51226e-05 0.45506
306 0.00180897 -8.58395 0.291185 4.55401e-05 0.45885
307 0.00186773 -9.4822 0.292243 4.55292e-05 0.46104
308 0.00196147 -9.31159 0.293301 4.55095e-05 0.461583
309 0.00215217 -11.5143 0.294359 4.62026e-05 0.466803
310 0.00232529 -10.3062 0.295416 4.64945e-05 0.46669
311 0.00248861 -9.79545 0.296474 4.68096e-05 0.467368
312 0.00277025 -9.4938 0.297532 4.76278e-05 0.469598
313 0.00295856 -9.24057 0.298589 4.82411e-05 0.471592
314 0.00302108 -7.3426 0.299647 4.8239e-05 0.469867
315 0.00322225 -6.96736 0.300704 4.87698e-05 0.47118
316 0.0034387 -4.29092 0.301762 4.91928e-05 0.469468
317 0.0034579 -4.23028 0.302819 4.93661e-05 0.470685
318 0.00360436 -5.17777 0.303877 5.00339e-05 0.474824
319 0.00386739 -7.4899 0.304934 5.09713e-05 0.480325
320 0.00400324 -7.66326 0.305991 5.15336e-05 0.482589
321 0.0042516 -9.19627 0.307049 5.24645e-05 0.487587
322 0.00432691 -10.9101 0.308106 5.30533e-05 0.492289
323 0.00450289 -6.33583 0.309163 5.31052e-05 0.487247
324 0.00461619 -6.72317 0.31022 5.35503e-05 0.489709
325 0.00461543 -7.75966 0.311277 5.39634e-05 0.493502
326 0.00475914 -9.68913 0.312334 5.46099e-05 0.498457
327 0.00503651 -7.11853 0.313391 5.50268e-05 0.496888
328 0.00518053 -5.52497 0.314448 5.52874e-05 0.496456
329 0.00533071 -3.57197 0.315505 5.5577e-05 0.495857
330 0.00554628 -7.68688 0.316562 5.66534e-05 0.505236
331 0.00575927 -8.7223 0.317619 5.72065e-05 0.508833
332 0.00591591 -4.3744 0.318675 5.70997e-05 0.504079
333 0.00593632 -3.32259 0.319732 5.70708e-05 0.50431
334 0.00604354 -2.86951 0.320789 5.71974e-05 0.505521
335 0.00618424 -1.7163 0.321845 5.73796e-05 0.50522
336 0.0061872 -3.48044 0.322902 5.75274e-05 0.508859
337 0.00619506 -3.6818 0.323959 5.74016e-05 0.509895
338 0.00617409 -3.37668 0.325015 5.72544e-05 0.510416
339 0.00646039 -3.57879 0.326072 5.78708e-05 0.514016
340 0.00661117 -3.21458 0.327128 5.81022e-05 0.515875
341 0.00646053 -3.93654 0.328184 5.78628e-05 0.518154
342 0.0062872 -4.40777 0.329241 5.74475e-05 0.519368
343 0.00637299 -2.74932 0.330297 5.71813e-05 0.517709
344 0.00651787 -0.933687 0.331353 5.70308e-05 0.516419
345 0.00657088 -5.35111 0.332409 5.73718e-05 0.52466
346 0.00661413 -8.76115 0.333466 5.76067e-05 0.531577
347 0.00650536 -5.18039 0.334522 5.66317e-05 0.525389
348 0.00643623 -6.032 0.335578 5.63227e-05 0.52742
349 0.00638411 -4.47057 0.336634 5.57015e-05 0.525097
350 0.00635105 -2.50671 0.33769 5.51064e-05 0.522466
351 0.006242 -4.25209 0.338746 5.47706e-05 0.525706
352 0.00615625 -6.14212 0.339802 5.44361e-05 0.528988
353 0.00606047 -7.41157 0.340858 5.39749e-05 0.53098
354 0.00589674 -7.24825 0.341913 5.32797e-05 0.53062
355 0.00582837 -4.09879 0.342969 5.24505e-05 0.525833
356 0.00586676 -3.79337 0.344025 5.20888e-05 0.526159
357 0.0058359 -4.86129 0.345081 5.17761e-05 0.528742
358 0.005721 -5.80417 0.346136 5.12159e-05 0.530173
359 0.00568481 -4.91333 0.347192 5.05535e-05 0.528553
360 0.00566407 -4.47298 0.348247 4.99776e-05 0.527877
361 0.00556141 -4.02764 0.349303 4.93159e-05 0.527263
362 0.00546685 -5.39511 0.350358 4.87756e-05 0.529219
363 0.0053477 -6.52275 0.351414 4.81707e-05 0.530699
364 0.00523935 -3.79694 0.352469 4.7215e-05 0.525793
365 0.005175 -3.303 0.353525 4.65561e-05 0.524862
366 0.00513312 -4.13962 0.35458 4.60411e-05 0.526123
367 0.00512366 -7.66654 0.355635 4.58009e-05 0.531827
368 0.00500065 -7.82991 0.35669 4.50037e-05 0.530948
369 0.00475184 -3.4333 0.357745 4.362e-05 0.522105
370 0.00460636 -1.55689 0.358801 4.27388e-05 0.518745
371 0.00460794 -1.12825 0.359856 4.22387e-05 0.518379
372 0.00459339 -5.1054 0.360911 4.20319e-05 0.524902
373 0.00457077 -9.36441 0.361966 4.17953e-05 0.531506
374 0.0044507 -7.60229 0.363021 4.09327e-05 0.527986
375 0.00436012 -8.38574 0.364076 4.03745e-05 0.529157
376 0.00416177 -6.44408 0.365131 3.93023e-05 0.524222
377 0.00398773 -9.66278 0.366185 3.86781e-05 0.527828
378 0.00389579 -5.92551 0.36724 3.76507e-05 0.52027
379 0.00388172 -3.97843 0.368295 3.69702e-05 0.516568
380 0.00374978 -5.65342 0.36935 3.63671e-05 0.51823
381 0.00371273 -4.39963 0.370404 3.57472e-05 0.515778
382 0.00362587 -6.90558 0.371459 3.52635e-05 0.518679
383 0.00358347 -8.41423 0.372513 3.48596e-05 0.520789
384 0.00351278 -9.43871 0.373568 3.43515e-05 0.521637
385 0.0034162 -7.22076 0.374623 3.36421e-05 0.517487
386 0.00334755 -4.68482 0.375677 3.29231e-05 0.512474
387 0.00329855 -5.65986 0.376731 3.25089e-05 0.513509
388 0.00325047 -4.74495 0.377786 3.20159e-05 0.511842
389 0.0030739 -4.12072 0.37884 3.13594e-05 0.509966
390 0.003074 -3.54204 0.379894 3.10684e-05 0.509642
391 0.00299076 -5.24052 0.380949 3.07997e-05 0.512654
392 0.0028905 -6.93039 0.382003 3.0407e-05 0.514363
393 0.00286553 -6.35833 0.383057 2.99827e-05 0.512352
394 0.00280374 -4.10923 0.384111 2.94997e-05 0.508322
395 0.00266202 -2.67749 0.385165 2.89722e-05 0.505424
396 0.00256961 -4.51615 0.386219 2.87805e-05 0.508521
397 0.00254198 -2.69189 0.387273 2.85208e-05 0.506205
398 0.00249579 -1.38337 0.388327 2.82644e-05 0.504471
399 0.00240909 -5.04091 0.389381 2.82827e-05 0.510994
400 0.00223244 -5.66067 0.390435 2.78219e-05 0.51028
401 0.00217449 -3.81784 0.391489 2.75266e-05 0.5072
402 0.00207269 -3.631 0.392542 2.73184e-05 0.507154
403 0.00200409 -3.58905 0.393596 2.72338e-05 0.508023
404 0.00187667 -5.98775 0.39465 2.71638e-05 0.512123
405 0.00181684 -5.49579 0.395704 2.70815e-05 0.512227
406 0.00175263 -4.77291 0.396757 2.69415e-05 0.511436
407 0.001729 -4.17066 0.397811 2.68868e-05 0.511073
408 0.00164408 -1.3594 0.398864 2.66246e-05 0.507243
409 0.00149737 -1.62479 0.399918 2.64381e-05 0.507977
410 0.00139494 -2.88212 0.400971 2.63547e-05 0.510578
411 0.00136201 -2.98451 0.402024 2.6337e-05 0.510867
412 0.0012556 -4.17616 0.403078 2.62906e-05 0.512967
413 0.00115835 -6.17327 0.404131 2.62819e-05 0.516425
414 0.00109998 -5.57851 0.405184 2.6217e-05 0.516384
415 0.000996217 -4.41348 0.406238 2.60473e-05 0.515044
416 0.000939851 -4.96408 0.407291 2.60742e-05 0.516987
417 0.000906263 -3.64219 0.408344 2.5977e-05 0.51553
418 0.000872258 -5.73127 0.409397 2.6139e-05 0.520085
419 0.000809045 -4.93553 0.41045 2.59874e-05 0.518961
420 0.000734434 -3.06336 0.411503 2.58079e-05 0.51677
421 0.000612753 -3.38048 0.412556 2.55742e-05 0.517178
422 0.000593274 -4.87484 0.413609 2.56625e-05 0.520231
423 0.00059808 -5.19201 0.414662 2.57665e-05 0.52214
424 0.000572041 -2.53464 0.415715 2.56118e-05 0.519408
425 0.000454017 0.730944 0.416767 2.51132e-05 0.514711
426 0.000374674 0.427083 0.41782 2.49457e-05 0.515685
427 0.000329992 -8.15568 0.418873 2.55237e-05 0.528607
428 0.000326196 -8.44029 0.419925 2.55656e-05 0.530058
429 0.000355841 -6.35955 0.420978 2.55299e-05 0.528242
430 0.000325718 -4.44815 0.422031 2.53296e-05 0.526222
431 0.000263252 -5.558 0.423083 2.52905e-05 0.528168
432 0.000169379 -10.1278 0.424136 2.53903e-05 0.535748
433 0.000118149 -10.5149 0.425188 2.52093e-05 0.535921
434 0.000169412 -6.17235 0.42624 2.49744e-05 0.5301
435 0.000218255 -5.27091 0.427293 2.50571e-05 0.530853
436 0.000225918 -4.74676 0.428345 2.50011e-05 0.53061
437 0.000189614 -6.02615 0.429397 2.49314e-05 0.532762
438 0.000146595 -2.57595 0.43045 2.44916e-05 0.52758
439 5.23837e-05 -4.15065 0.431502 2.43404e-05 0.529204
440 -3.04265e-06 -8.20953 0.432554 2.44879e-05 0.536565
441 7.53808e-05 -9.58342 0.433606 2.47867e-05 0.541674
442 0.000123442 -8.57293 0.434658 2.47845e-05 0.54163
443 0.000104965 -8.10653 0.43571 2.45633e-05 0.540555
444 0.000173261 -5.44525 0.436762 2.44352e-05 0.537634
445 0.000228181 -4.90812 0.437814 2.44426e-05 0.538085
446 0.000207907 -4.21243 0.438866 2.42362e-05 0.537004
447 0.000167475 -5.81651 0.439918 2.41912e-05 0.540153
448 0.000173287 -7.32686 0.440969 2.41907e-05 0.543354
449 0.00021524 -9.16092 0.442021 2.42617e-05 0.547236
450 0.000275 -7.5939 0.443073 2.41466e-05 0.545498
451 0.000317118 -7.76668 0.444124 2.41551e-05 0.547398
452 0.000337098 -6.99947 0.445176 2.40521e-05 0.547016
453 0.000370056 -7.02561 0.446228 2.40154e-05 0.548219
454 0.00041415 -4.27847 0.447279 2.37526e-05 0.544341
455 0.00045032 -4.93531 0.44833 2.37597e-05 0.546202
456 0.000483119 -7.95011 0.449382 2.39631e-05 0.553439
457 0.000473126 -9.95092 0.450433 2.38658e-05 0.556446
458 0.000499456 -11.7718 0.451485 2.38235e-05 0.559482
459 0.000561983 -11.8684 0.452536 2.37977e-05 0.560674
460 0.000631473 -10.9102 0.453587 2.37258e-05 0.560211
461 0.000659125 -9.72954 0.454638 2.36115e-05 0.559642
462 0.000649546 -10.6663 0.455689 2.35364e-05 0.562117
463 0.000671317 -11.195 0.456741 2.34174e-05 0.563108
464 0.000732319 -9.00384 0.457792 2.31335e-05 0.558651
465 0.000763878 -10.1676 0.458843 2.30702e-05 0.560831
466 0.000788191 -12.4822 0.459894 2.31094e-05 0.565662
467 0.00084317 -11.4105 0.460945 2.30599e-05 0.565712
468 0.000930579 -10.2915 0.461995 2.30963e-05 0.566486
469 0.000965294 -7.73258 0.463046 2.28691e-05 0.562843
470 0.000990728 -6.47326 0.464097 2.26643e-05 0.560782
471 0.00103782 -7.18993 0.465148 2.26385e-05 0.56285
472 0.00110311 -6.08826 0.466198 2.26236e-05 0.563163
473 0.00107036 -6.70544 0.467249 2.24336e-05 0.563826
474 0.00105047 -9.47997 0.4683 2.2374e-05 0.568252
475 0.001203 -10.7047 0.46935 2.2583e-05 0.57263
476 0.00125051 -9.47674 0.470401 2.24492e-05 0.571084
477 0.00123978 -7.16216 0.471451 2.21458e-05 0.566703
478 0.00124402 -7.3919 0.472502 2.20552e-05 0.567753
479 0.00130322 -7.60203 0.473552 2.20783e-05 0.569641
480 0.00143678 -7.83106 0.474602 2.22982e-05 0.573552
481 0.00150112 -8.53932 0.475653 2.23607e-05 0.576386
482 0.00149144 -7.35886 0.476703 2.21259e-05 0.573628
483 0.00150415 -8.83527 0.477753 2.21759e-05 0.577681
484 0.00159499 -9.15589 0.478803 2.23392e-05 0.581261
485 0.00164176 -9.27267 0.479853 2.2346e-05 0.582587
486 0.00171469 -5.7616 0.480903 2.22669e-05 0.578655
487 0.00180503 -3.9641 0.481953 2.23425e-05 0.578595
488 0.00187332 -4.92834 0.483003 2.24931e-05 0.582634
489 0.00189112 -5.56758 0.484053 2.25743e-05 0.585953
490 0.00189077 -6.67683 0.485103 2.26599e-05 0.589994
491 0.00193153 -2.66868 0.486153 2.25154e-05 0.584453
492 0.00202445 -1.73928 0.487203 2.26485e-05 0.585745
493 0.00207537 -5.25834 0.488252 2.29771e-05 0.59531
494 0.00211694 -5.87835 0.489302 2.31344e-05 0.599227
495 0.00216193 -3.3406 0.490352 2.31321e-05 0.597259
496 0.00219763 -1.02136 0.491401 2.31079e-05 0.59512
497 0.00221145 -3.70397 0.492451 2.33032e-05 0.601837
498 0.00223392 -3.26009 0.4935 2.33692e-05 0.60318
499 0.00221941 -2.09148 0.49455 2.33231e-05 0.602319
500 0.00222378 -1.67424 0.495599 2.33844e-05 0.603834
501 0.00228905 -5.05852 0.496649 2.37638e-05 0.613703
502 0.00232174 -3.74831 0.497698 2.3773e-05 0.612878
503 0.00233227 -1.61706 0.498747 2.37389e-05 0.610891
504 0.00236501 -2.88846 0.499796 2.39793e-05 0.616837
505 0.0023938 -1.21746 0.500845 2.40235e-05 0.616483
506 0.00240845 -0.864434 0.501895 2.41105e-05 0.618334
507 0.00242449 -2.7317 0.502944 2.43264e-05 0.624607
508 0.00246574 -1.67695 0.503993 2.44101e-05 0.625391
509 0.00244931 -2.70283 0.505042 2.44564e-05 0.628115
510 0.00245598 -0.645918 0.506091 2.44233e-05 0.626356
511 0.00244766 1.53178 0.507139 2.44063e-05 0.625129
512 0.00245529 1.78262 0.508188 2.45038e-05 0.627568
513 0.00241378 0.936038 0.509237 2.45162e-05 0.630018
514 0.00240798 -1.6778 0.510286 2.46889e-05 0.636595
515 0.00240167 -5.83825 0.511334 2.49695e-05 0.646657
516 0.00240866 -4.9764 0.512383 2.50281e-05 0.647994
517 0.00243278 -0.220943 0.513432 2.48481e-05 0.641026
518 0.00241676 0.710825 0.51448 2.4746e-05 0.639391
519 0.00240901 0.330007 0.515529 2.47872e-05 0.64171
520 0.00240505 -1.66826 0.516577 2.49703e-05 0.648283
521 0.0023813 1.57195 0.517625 2.47741e-05 0.643128
522 0.00231499 3.29661 0.518674 2.45814e-05 0.640007
523 0.00227035 -0.572438 0.519722 2.4715e-05 0.647847
524 0.00226695 1.83848 0.52077 2.45529e-05 0.643803
525 0.00223522 0.726586 0.521819 2.45254e-05 0.645911
526 0.00221826 3.23385 0.522867 2.4343e-05 0.641658
527 0.00217259 0.579404 0.523915 2.44044e-05 0.647218
528 0.00208677 -2.30116 0.524963 2.44418e-05 0.653188
529 0.00203507 -3.45906 0.526011 2.44193e-05 0.655958
530 0.00206259 -0.522579 0.527059 2.43053e-05 0.652238
531 0.00206637 -1.30134 0.528107 2.44127e-05 0.656632
532 0.00197508 -0.181558 0.529155 2.41565e-05 0.65342
533 0.00192597 0.513635 0.530202 2.39464e-05 0.65079
534 0.00192835 3.49804 0.53125 2.37395e-05 0.645534
535 0.0019086 0.899323 0.532298 2.3812e-05 0.651144
536 0.00185816 -2.78831 0.533345 2.3913e-05 0.658803
537 0.00181656 -1.65427 0.534393 2.37942e-05 0.657831
538 0.00180595 3.24401 0.535441 2.34652e-05 0.64876
539 0.00178415 0.18397 0.536488 2.3518e-05 0.654463
540 0.00168798 -3.68969 0.537536 2.3483e-05 0.660228
541 0.00159 -2.09888 0.538583 2.31769e-05 0.655892
542 0.00158661 -0.954496 0.53963 2.3128e-05 0.655853
543 0.00160525 -0.509011 0.540678 2.31033e-05 0.65649
544 0.00156177 -1.85558 0.541725 2.30005e-05 0.657925
545 0.00150724 -1.51393 0.542772 2.28134e-05 0.656407
546 0.0014363 -3.39452 0.543819 2.27373e-05 0.659398
547 0.00143888 -1.30341 0.544866 2.25595e-05 0.655689
548 0.00146764 -0.847861 0.545913 2.25579e-05 0.656714
549 0.00137203 -0.926573 0.54696 2.2287e-05 0.654412
550 0.00130534 -1.18594 0.548007 2.21631e-05 0.655054
551 0.0012428 -2.05598 0.549054 2.20258e-05 0.655793
552 0.00118302 -3.56484 0.550101 2.18999e-05 0.657178
553 0.00117411 -4.90428 0.551148 2.19269e-05 0.660968
554 0.00114615 -3.69675 0.552195 2.17115e-05 0.657629
555 0.00110885 -3.82262 0.553241 2.15801e-05 0.657406
556 0.00107292 -3.1856 0.554288 2.14144e-05 0.655773
557 0.00106708 -0.367142 0.555335 2.12009e-05 0.650738
558 0.00106647 -0.833055 0.556381 2.11824e-05 0.652623
559 0.0010186 -2.56253 0.557428 2.11425e-05 0.65592
560 0.000968588 -5.22084 0.558474 2.10986e-05 0.659844
561 0.000942029 -3.38798 0.559521 2.08833e-05 0.655853
562 0.000907294 -1.57877 0.560567 2.06681e-05 0.652003
563 0.000844393 -4.47056 0.561613 2.05948e-05 0.655627
564 0.0008404 -5.50981 0.562659 2.0598e-05 0.658414
565 0.000834993 -0.396063 0.563706 2.02143e-05 0.64797
566 0.000850139 2.77062 0.564752 2.00588e-05 0.64359
567 0.000826593 2.9596 0.565798 1.9937e-05 0.642353
568 0.000775669 3.00245 0.566844 1.97933e-05 0.641634
569 0.000725278 2.01832 0.56789 1.96561e-05 0.641945
570 0.000702935 -0.27846 0.568936 1.97065e-05 0.646373
571 0.00068252 0.348689 0.569982 1.96103e-05 0.645595
572 0.000638596 -0.235492 0.571027 1.94872e-05 0.645605
573 0.000644485 1.17562 0.572073 1.93909e-05 0.643535
574 0.000583107 -1.45667 0.573119 1.9377e-05 0.648002
575 0.000516765 -4.03772 0.574165 1.93667e-05 0.652672
576 0.000506931 -0.11735 0.57521 1.91152e-05 0.645129
577 0.000493589 1.64873 0.576256 1.89997e-05 0.642519
578 0.000485175 1.37845 0.577301 1.89902e-05 0.643948
579 0.000499288 3.42084 0.578347 1.89182e-05 0.642574
580 0.000447752 4.96908 0.579392 1.87122e-05 0.640297
581 0.000447874 3.07254 0.580438 1.87555e-05 0.642567
582 0.000424748 -0.617087 0.581483 1.8865e-05 0.648505
583 0.000371071 -2.77126 0.582528 1.88637e-05 0.652136
584 0.000344715 -4.27681 0.583573 1.88899e-05 0.655477
585 0.000339502 -3.77701 0.584618 1.88603e-05 0.655547
586 0.000321799 -0.6472 0.585664 1.86655e-05 0.650508
587 0.000327655 0.333717 0.586709 1.86544e-05 0.651007
588 0.000328162 2.94781 0.587754 1.85653e-05 0.649733
589 0.000286833 1.55982 0.588798 1.85521e-05 0.651729
590 0.000241489 0.33229 0.589843 1.85006e-05 0.652183
591 0.000256687 2.6553 0.590888 1.84984e-05 0.652494
592 0.000262011 0.751529 0.591933 1.86606e-05 0.656049
593 0.000244875 -0.713262 0.592978 1.8757e-05 0.660504
594 0.000209977 1.96514 0.594022 1.85749e-05 0.657094
595 0.000175112 -0.900656 0.595067 1.86601e-05 0.660354
596 0.000150102 -1.58533 0.596111 1.86646e-05 0.661952
597 0.000115364 -0.853363 0.597156 1.85584e-05 0.660961
598 7.62108e-05 -3.28267 0.5982 1.85947e-05 0.664452
599 9.14167e-05 -3.79857 0.599245 1.87161e-05 0.668208
600 0.000100583 -3.22308 0.600289 1.87402e-05 0.669007
601 0.000114137 0.514402 0.601333 1.86446e-05 0.666036
602 9.4395e-05 -0.536642 0.602378 1.86924e-05 0.66904
603 0.000105336 -2.3525 0.603422 1.88667e-05 0.674484
604 9.42395e-05 -2.70857 0.604466 1.89415e-05 0.676923
605 7.92671e-05 -2.14591 0.60551 1.8946e-05 0.678095
606 8.35499e-05 -6.14893 0.606554 1.92022e-05 0.687323
607 8.26632e-05 -2.31514 0.607598 1.89288e-05 0.678936
608 8.83387e-05 -2.30756 0.608642 1.89893e-05 0.680846
609 8.05454e-05 3.01991 0.609686 1.88136e-05 0.679175
610 2.77953e-05 0.270445 0.61073 1.88173e-05 0.679795
611 4.8193e-05 -2.23829 0.611773 1.90452e-05 0.685822
612 4.33665e-05 -6.48395 0.612817 1.93238e-05 0.696301
613 -4.5062e-06 -4.11881 0.613861 1.90438e-05 0.689102
614 -8.80415e-06 -2.62744 0.614904 1.90442e-05 0.689935
615 8.34354e-06 -2.2028 0.615948 1.91127e-05 0.692814
616 3.8456e-05 -2.67315 0.616991 1.91871e-05 0.694112
617 7.44761e-05 0.34446 0.618035 1.91712e-05 0.694168
618 8.13206e-05 1.22617 0.619078 1.91736e-05 0.695124
619 3.75913e-05 0.0671126 0.620121 1.91513e-05 0.6963
620 4.24008e-05 0.618712 0.621164 1.92002e-05 0.697632
621 1.84812e-05 -1.88015 0.622208 1.92225e-05 0.700083
622 -3.39282e-05 0.540286 0.623251 1.92863e-05 0.703083
623 1.22936e-05 0.473293 0.624294 1.92513e-05 0.703089
624 6.99505e-06 -1.1404 0.625337 1.93155e-05 0.706757
625 1.69924e-05 0.191618 0.62638 1.9287e-05 0.70727
626 5.07037e-05 -0.251882 0.627423 1.93719e-05 0.708355
627 3.69335e-05 1.93832 0.628466 1.93579e-05 0.709532
628 -5.3042e-06 0.7792 0.629508 1.93675e-05 0.710503
629 -2.02722e-07 0.111334 0.630551 1.94017e-05 0.712387
630 1.2991e-06 -2.43386 0.631594 1.9439e-05 0.715718
631 -1.38767e-05 -2.42831 0.632636 1.94234e-05 0.716389
632 7.26954e-06 -0.98272 0.633679 1.93892e-05 0.71612
633 4.46802e-06 1.71133 0.634722 1.94018e-05 0.717695
634 5.86401e-06 4.06486 0.635764 1.9522e-05 0.722832
635 3.13701e-05 3.70764 0.636806 1.95046e-05 0.7233
636 2.56868e-05 1.55505 0.637849 1.94431e-05 0.72207
637 3.63536e-05 1.26319 0.638891 1.94529e-05 0.72329
638 7.00357e-05 1.3654 0.639933 1.95155e-05 0.726204
639 7.15802e-05 2.02859 0.640975 1.94555e-05 0.726398
640 9.67669e-05 1.76829 0.642018 1.95157e-05 0.727753
641 8.11304e-05 -0.774289 0.64306 1.96049e-05 0.730799
642 2.88058e-05 -2.96865 0.644102 1.9581e-05 0.733767
643 3.00497e-05 -1.71235 0.645144 1.9507e-05 0.732119
644 5.1165e-05 1.53635 0.646185 1.95415e-05 0.733819
645 6.58189e-05 3.52087 0.647227 1.95451e-05 0.735838
646 6.91318e-05 0.274256 0.648269 1.95366e-05 0.735696
647 5.74956e-05 -3.10842 0.649311 1.96668e-05 0.740641
648 2.06686e-05 -4.93568 0.650352 1.97142e-05 0.74457
649 2.90023e-05 -1.90647 0.651394 1.95783e-05 0.740448
650 5.58157e-05 0.286886 0.652436 1.95295e-05 0.739884
651 6.62274e-05 3.83388 0.653477 1.9508e-05 0.742091
652 0.000105031 3.98662 0.654519 1.95729e-05 0.744492
653 7.44592e-05 2.9732 0.65556 1.95905e-05 0.74456
654 5.93504e-05 3.5987 0.656601 1.9558e-05 0.746588
655 5.00144e-05 1.02584 0.657642 1.95266e-05 0.745751
656 4.87527e-05 -1.85718 0.658684 1.96771e-05 0.751431
657 3.87292e-05 -4.21159 0.659725 1.97862e-05 0.756377
658 5.12986e-05 -3.3813 0.660766 1.98151e-05 0.75803
659 8.21958e-05 -3.95446 0.661807 1.99605e-05 0.762475
660 9.1541e-05 -0.674503 0.662848 1.97957e-05 0.757585
661 6.62663e-05 1.27147 0.663889 1.96295e-05 0.75398
662 6.52873e-05 -0.477108 0.66493 1.96827e-05 0.75705
663 9.87982e-05 1.76835 0.66597 1.97126e-05 0.759147
664 8.37526e-05 0.824036 0.667011 1.97339e-05 0.76
665 4.86309e-05 -1.10165 0.668052 1.97218e-05 0.761661
666 3.42823e-05 -1.6167 0.669092 1.97467e-05 0.764027
667 2.96976e-05 -1.86351 0.670133 1.9765e-05 0.765192
668 5.22732e-05 -0.238228 0.671173 1.9795e-05 0.765746
669 7.73831e-05 0.131077 0.672214 1.98423e-05 0.768523
670 5.83048e-05 -0.3864 0.673254 1.98332e-05 0.769919
671 4.39592e-05 -1.95639 0.674295 1.99025e-05 0.773462
672 5.12186e-05 -0.90605 0.675335 1.98507e-05 0.772548
673 6.76409e-05 -1.02694 0.676375 1.99291e-05 0.775288
674 6.15396e-05 -4.01463 0.677415 2.01191e-05 0.78294
675 4.34891e-05 -3.318 0.678455 2.00562e-05 0.782017
676 3.69385e-05 -1.35647 0.679495 2.00128e-05 0.780748
677 3.20971e-05 0.192917 0.680535 1.99541e-05 0.779611
678 7.99922e-05 0.198399 0.681575 2.00926e-05 0.783765
679 0.000101761 0.54931 0.682615 2.01715e-05 0.786317
680 0.000110146 3.25001 0.683655 2.01001e-05 0.786049
681 0.000100751 2.81177 0.684694 2.01212e-05 0.788243
682 6.98943e-05 -0.296792 0.685734 2.02096e-05 0.791222
683 5.09372e-05 -1.63115 0.686774 2.02781e-05 0.794641
684 7.54284e-05 1.96276 0.687813 2.0225e-05 0.79361
685 4.33538e-05 1.05979 0.688853 2.02173e-05 0.794052
686 4.73853e-05 1.50071 0.689892 2.0318e-05 0.798749
687 6.09494e-05 2.4279 0.690931 2.03634e-05 0.801183
688 1.62001e-05 1.82409 0.691971 2.04253e-05 0.804568
689 3.03745e-05 2.68421 0.69301 2.04656e-05 0.806464
690 6.57927e-05 1.57187 0.694049 2.04633e-05 0.806101
691 7.99575e-05 -0.359347 0.695088 2.06115e-05 0.810253
692 4.80465e-05 0.379651 0.696127 2.05912e-05 0.811558
693 4.28751e-05 1.29208 0.697166 2.06138e-05 0.812782
694 5.41858e-05 -0.575518 0.698205 2.0643e-05 0.813586
695 1.65854e-05 -4.22251 0.699244 2.07669e-05 0.820543
696 -5.06849e-06 -4.50068 0.700283 2.07824e-05 0.82234
697 -1.55011e-05 -2.12783 0.701322 2.07103e-05 0.820292
698 -1.75876e-05 -4.63085 0.70236 2.08959e-05 0.827627
699 4.20206e-05 -2.17833 0.703399 2.09314e-05 0.828478
700 6.5292e-05 -1.32806 0.704437 2.10049e-05 0.830713
701 0.000112986 -1.5501 0.705476 2.12062e-05 0.835823
702 6.88346e-05 1.17449 0.706514 2.0954e-05 0.829489
703 -1.47639e-05 -0.238443 0.707553 2.09626e-05 0.831539
704 -2.08527e-05 -1.0008 0.708591 2.10482e-05 0.833808
705 5.85509e-06 0.805523 0.709629 2.10671e-05 0.836723
706 1.32892e-05 -1.17213 0.710667 2.11134e-05 0.839474
707 1.14029e-05 -1.77836 0.711706 2.11649e-05 0.842772
708 4.89691e-05 -2.41364 0.712744 2.13202e-05 0.846795
709 6.7777e-05 -1.12026 0.713782 2.12713e-05 0.84515
710 3.91356e-05 -0.362826 0.71482 2.12847e-05 0.846841
711 4.99619e-05 -2.38512 0.715857 2.1503e-05 0.85494
712 -1.08954e-05 -3.93756 0.716895 2.14137e-05 0.854793
713 7.85451e-07 -1.35796 0.717933 2.13601e-05 0.852955
714 6.00483e-05 -1.64641 0.718971 2.15313e-05 0.857999
715 0.00012499 5.22651 0.720008 2.15496e-05 0.861627
716 0.00010945 6.03252 0.721046 2.15803e-05 0.865304
717 8.60075e-05 4.51441 0.722083 2.15735e-05 0.864429
718 1.77463e-05 5.20517 0.723121 2.18064e-05 0.873159
719 1.77736e-05 4.46984 0.724158 2.17871e-05 0.873558
720 2.55019e-05 3.64411 0.725195 2.17229e-05 0.871537
721 3.67062e-05 2.78967 0.726233 2.17333e-05 0.871392
722 7.11405e-05 3.15201 0.72727 2.17959e-05 0.8736
723 4.12939e-05 1.74936 0.728307 2.17501e-05 0.872557
724 1.58306e-06 2.19195 0.729344 2.17938e-05 0.876043
725 1.53138e-05 2.66356 0.730381 2.18162e-05 0.878223
726 4.02348e-06 -1.96798 0.731418 2.18691e-05 0.879785
727 -4.63687e-06 -3.40626 0.732455 2.19341e-05 0.883591
728 -5.75937e-05 -4.6539 0.733492 2.19263e-05 0.88557
729 -6.2658e-05 -4.13015 0.734528 2.19476e-05 0.88601
730 -5.26299e-05 -1.97767 0.735565 2.19603e-05 0.884856
731 -3.00556e-06 -1.98428 0.736602 2.20423e-05 0.890264
732 5.47577e-05 -0.688373 0.737638 2.21303e-05 0.893402
733 7.33206e-05 1.09855 0.738675 2.21071e-05 0.892867
734 7.93654e-05 2.23007 0.739711 2.21551e-05 0.895481
735 5.05158e-05 -0.490289 0.740747 2.22413e-05 0.899516
736 1.60134e-05 -0.644186 0.741784 2.22241e-05 0.900581
737 9.47998e-06 -0.325123 0.74282 2.22289e-05 0.900862
738 -6.15168e-05 -3.91145 0.743856 2.2284e-05 0.90418
739 -2.12081e-06 -2.48782 0.744892 2.23739e-05 0.907952
740 4.10816e-06 -2.9997 0.745928 2.24985e-05 0.913088
741 -2.82099e-05 -4.31565 0.746964 2.24859e-05 0.9146
742 -3.98238e-05 -4.20275 0.748 2.2475e-05 0.914896
743 -2.20123e-05 -2.25638 0.749036 2.24739e-05 0.913573
744 -1.01517e-05 -3.19542 0.750072 2.2583e-05 0.919212
745 2.41575e-05 -2.76933 0.751107 2.26724e-05 0.923416
746 1.5804e-05 -0.144723 0.752143 2.2583e-05 0.92123
747 3.43379e-05 -0.01599 0.753179 2.25546e-05 0.920628
748 3.37985e-05 -0.175763 0.754214 2.26372e-05 0.92334
749 4.80736e-06 -0.408449 0.75525 2.26912e-05 0.926805
750 -2.25942e-05 -1.64489 0.756285 2.28098e-05 0.931245
751 -5.31561e-05 -2.93387 0.75732 2.27569e-05 0.930485
752 -4.87448e-05 -1.68839 0.758355 2.27458e-05 0.930223
753 -3.73929e-05 1.00121 0.759391 2.28912e-05 0.936759
754 -1.90396e-05 0.376533 0.760426 2.29126e-05 0.938808
755 1.49783e-05 2.52911 0.761461 2.29266e-05 0.940719
756 3.33207e-05 2.43159 0.762496 2.294e-05 0.941463
757 2.58729e-05 5.58191 0.763531 2.31889e-05 0.952366
758 4.55915e-05 5.78799 0.764566 2.31614e-05 0.953043
759 1.59832e-05 2.44015 0.7656 2.31103e-05 0.950206
760 2.00624e-05 1.00936 0.766635 2.31127e-05 0.949819
761 4.5005e-05 0.615039 0.76767 2.31956e-05 0.95344
762 5.05884e-05 1.58642 0.768704 2.31986e-05 0.953428
763 5.23512e-05 0.860489 0.769739 2.32811e-05 0.957517
764 4.90404e-05 -0.523558 0.770773 2.33953e-05 0.962424
765 2.23321e-05 -3.26089 0.771808 2.3502e-05 0.967337
766 7.64421e-05 -0.493291 0.772842 2.35354e-05 0.967438
767 5.07909e-05 2.02904 0.773876 2.34362e-05 0.96674
768 -9.9946e-06 1.28448 0.77491 2.34573e-05 0.967741
769 1.15081e-05 1.58118 0.775945 2.34896e-05 0.969089
770 4.25011e-05 1.19509 0.776979 2.35558e-05 0.971705
771 4.34824e-05 -0.0903571 0.778013 2.36453e-05 0.975589
772 6.2e-05 0.699156 0.779046 2.37292e-05 0.979367
773 5.9194e-05 1.99593 0.78008 2.3743e-05 0.981364
774 5.5253e-05 1.75822 0.781114 2.37522e-05 0.982059
775 0.000128261 1.56622 0.782148 2.39731e-05 0.988447
776 0.000149402 -0.250297 0.783181 2.41583e-05 0.99497
777 0.000124409 -3.43858 0.784215 2.4383e-05 1.00559
778 3.59522e-05 -3.46623 0.785249 2.4088e-05 0.997327
779 6.53236e-05 3.26953 0.786282 2.40361e-05 0.99761
780 7.96971e-05 4.11484 0.787315 2.41039e-05 1.00057
781 7.14357e-05 0.933136 0.788349 2.41565e-05 1.00066
782 8.98366e-05 0.0739869 0.789382 2.42798e-05 1.00403
783 0.000105282 -0.601045 0.790415 2.44388e-05 1.0108
784 4.13853e-05 -1.74736 0.791448 2.43845e-05 1.01055
785 7.74294e-07 -2.18289 0.792481 2.44058e-05 1.0125
786 2.06677e-05 -4.16005 0.793514 2.46173e-05 1.02163
787 5.74462e-05 -2.60801 0.794547 2.46706e-05 1.02461
788 6.71707e-05 1.66194 0.79558 2.45001e-05 1.0184
789 9.54227e-05 3.54579 0.796613 2.45665e-05 1.02076
790 1.94047e-05 -0.863816 0.797645 2.46102e-05 1.02341
791 -5.18473e-06 -0.84792 0.798678 2.46724e-05 1.02686
792 -1.71657e-05 -1.4831 0.799711 2.46702e-05 1.02794
793 -1.80371e-05 -3.90649 0.800743 2.48006e-05 1.0336
794 -8.82834e-07 -3.5405 0.801776 2.49075e-05 1.03824
795 4.76921e-05 0.469335 0.802808 2.48943e-05 1.03682
796 5.92657e-05 1.55343 0.80384 2.49489e-05 1.039
797 6.97834e-05 1.0049 0.804872 2.50582e-05 1.04321
798 4.44785e-05 2.4057 0.805905 2.50339e-05 1.04408
799 3.60951e-05 1.57677 0.806937 2.50757e-05 1.0468
800 5.40287e-05 3.38788 0.807969 2.51175e-05 1.04913
801 3.37893e-05 0.508546 0.809001 2.51936e-05 1.05279
802 4.29109e-05 -0.18685 0.810032 2.5326e-05 1.05719
803 5.78005e-05 -1.60729 0.811064 2.54695e-05 1.06245
804 6.40117e-05 -0.696865 0.812096 2.54863e-05 1.06334
805 6.59952e-05 0.469519 0.813128 2.54436e-05 1.06252
806 3.81389e-05 -3.53426 0.814159 2.57072e-05 1.07417
807 4.04406e-05 -4.30361 0.815191 2.58415e-05 1.07981
808 3.11546e-05 -3.30743 0.816222 2.57827e-05 1.07822
809 7.4374e-05 1.48141 0.817254 2.56304e-05 1.07333
810 8.2784e-05 0.110233 0.818285 2.57952e-05 1.07805
811 8.93288e-05 1.40557 0.819316 2.57977e-05 1.0787
812 0.00015314 6.65607 0.820347 2.58786e-05 1.08462
813 0.000207998 7.92963 0.821378 2.59595e-05 1.08669
814 0.000130475 2.53105 0.822409 2.60004e-05 1.08828
815 0.000101718 0.755078 0.82344 2.61112e-05 1.09331
816 9.18572e-05 3.83054 0.824471 2.6035e-05 1.09128
817 5.94557e-05 2.71619 0.825502 2.60883e-05 1.09361
818 2.34065e-05 1.11517 0.826533 2.61472e-05 1.09776
819 4.62002e-05 1.53571 0.827563 2.62118e-05 1.10004
820 3.54855e-05 1.99478 0.828594 2.61837e-05 1.10057
821 6.7633e-06 3.84241 0.829625 2.63834e-05 1.10854
822 1.00369e-05 3.65878 0.830655 2.64071e-05 1.10999
823 -1.68494e-05 -0.401186 0.831685 2.64128e-05 1.10968
824 -1.66485e-05 2.64172 0.832716 2.64953e-05 1.11467
825 5.77327e-05 5.7018 0.833746 2.65957e-05 1.12107
826 7.62631e-05 7.75217 0.834776 2.67684e-05 1.12873
827 2.32583e-05 4.99489 0.835806 2.67106e-05 1.12507
828 -2.16197e-05 1.59029 0.836836 2.67055e-05 1.12401
829 -2.71114e-05 2.52445 0.837866 2.68708e-05 1.13055
830 -3.55345e-05 -1.0455 0.838896 2.67578e-05 1.12731
831 -3.14037e-05 -1.35773 0.839926 2.6885e-05 1.13249
832 -2.18489e-05 1.8115 0.840956 2.69481e-05 1.13542
833 -1.29714e-05 2.17452 0.841985 2.70094e-05 1.13995
834 -2.13936e-05 -0.809782 0.843015 2.70242e-05 1.14113
835 -1.07421e-05 -1.27626 0.844045 2.70579e-05 1.14257
836 2.39482e-05 0.310932 0.845074 2.71174e-05 1.14463
837 9.2505e-06 -2.85656 0.846103 2.72422e-05 1.14987
838 -1.27683e-05 -3.22651 0.847133 2.7311e-05 1.153
839 -1.36799e-05 -3.89556 0.848162 2.74048e-05 1.15883
840 -3.71518e-05 -5.20922 0.849191 2.75427e-05 1.16477
841 1.78157e-05 -3.59421 0.85022 2.76302e-05 1.16652
842 3.2912e-05 -0.620481 0.851249 2.75214e-05 1.16345
843 4.43973e-06 0.172267 0.852278 2.75244e-05 1.16512
844 7.88391e-07 0.14858 0.853307 2.76216e-05 1.16756
845 2.36013e-05 -1.3591 0.854336 2.77316e-05 1.17211
846 3.6025e-05 -1.65264 0.855365 2.78012e-05 1.17569
847 1.94798e-05 1.14568 0.856393 2.78558e-05 1.17879
848 8.54346e-06 2.75424 0.857422 2.79827e-05 1.1843
849 -3.93278e-05 -1.71588 0.85845 2.78897e-05 1.1805
850 -4.11258e-05 -5.21966 0.859479 2.80843e-05 1.19044
851 -7.06203e-05 -6.17745 0.860507 2.81434e-05 1.19307
852 1.39715e-06 -3.04047 0.861536 2.81403e-05 1.19268
853 -5.91343e-07 0.714961 0.862564 2.81504e-05 1.19344
854 3.94498e-06 3.08148 0.863592 2.82635e-05 1.19938
855 4.87273e-05 2.84891 0.86462 2.83168e-05 1.2019
856 2.12015e-05 2.50135 0.865648 2.83665e-05 1.20443
857 3.70581e-06 1.61069 0.866676 2.841e-05 1.20585
858 -8.78111e-06 -0.306837 0.867704 2.84509e-05 1.20735
859 2.039e-05 -0.211688 0.868732 2.84645e-05 1.20803
860 5.37148e-05 3.52621 0.869759 2.85534e-05 1.21278
861 -2.4538e-05 -0.542262 0.870787 2.86219e-05 1.21714
862 -6.36482e-05 -3.228 0.871815 2.87365e-05 1.22257
863 -1.74276e-05 -0.934396 0.872842 2.87392e-05 1.22221
864 -6.92356e-05 -1.6597 0.873869 2.88478e-05 1.22593
865 -9.98216e-05 -2.55511 0.874897 2.89848e-05 1.23055
866 -5.49056e-05 -0.607863 0.875924 2.9014e-05 1.23223
867 -2.83973e-05 -2.4641 0.876951 2.90204e-05 1.23389
868 1.95403e-05 1.63116 0.877978 2.90933e-05 1.23732
869 7.05311e-05 7.04453 0.879005 2.93171e-05 1.2488
870 5.32984e-05 5.66699 0.880032 2.92871e-05 1.24782
871 4.35909e-05 4.44052 0.881059 2.93133e-05 1.2484
872 3.67401e-05 2.07051 0.882086 2.9343e-05 1.24888
873 -4.58774e-05 -2.09186 0.883113 2.94451e-05 1.25338
874 -7.84844e-05 -5.90419 0.884139 2.96212e-05 1.26319
875 -6.96965e-05 -6.28985 0.885166 2.9744e-05 1.26778
876 3.18373e-05 -7.29194 0.886193 3.02607e-05 1.28773
877 4.96088e-06 -4.53549 0.887219 2.99033e-05 1.27289
878 -4.62415e-05 -2.95962 0.888245 2.97245e-05 1.26592
879 -2.58113e-05 1.4889 0.889272 2.99178e-05 1.27371
880 6.59535e-05 0.415995 0.890298 2.99619e-05 1.27542
881 2.48832e-05 -3.30412 0.891324 3.02021e-05 1.28648
882 -5.84199e-05 -6.32082 0.89235 3.02758e-05 1.29215
883 -2.31154e-05 -4.49053 0.893376 3.04456e-05 1.29831
884 -2.25177e-05 -2.86966 0.894402 3.0306e-05 1.29265
885 5.73838e-05 0.313033 0.895428 3.02679e-05 1.28968
886 6.47622e-05 -1.95506 0.896454 3.05282e-05 1.30095
887 3.32288e-05 -6.78298 0.897479 3.1025e-05 1.32231
888 -1.67239e-05 -4.75559 0.898505 3.06884e-05 1.30941
889 1.49546e-05 -2.41788 0.89953 3.05846e-05 1.30429
890 9.28139e-05 -1.31923 0.900556 3.08838e-05 1.3152
891 5.73673e-05 0.248448 0.901581 3.07102e-05 1.30968
892 1.62466e-05 -2.05632 0.902607 3.09033e-05 1.31935
893 -4.53913e-05 -4.44908 0.903632 3.0889e-05 1.3205
894 -2.55281e-05 0.230357 0.904657 3.08151e-05 1.31697
895 2.38776e-05 1.70913 0.905682 3.09175e-05 1.31989
896 1.41593e-05 -1.24248 0.906707 3.1038e-05 1.32557
897 -3.85401e-06 -2.37977 0.907732 3.1143e-05 1.32886
898 5.10334e-05 -1.58688 0.908757 3.1249e-05 1.33361
899 2.98002e-05 -0.521695 0.909782 3.1264e-05 1.33435
900 4.00637e-05 -0.592013 0.910806 3.13892e-05 1.34091
901 1.11197e-05 -0.782279 0.911831 3.1388e-05 1.34171
902 9.35308e-06 -1.59237 0.912855 3.14441e-05 1.34344
903 1.49972e-05 -4.36743 0.91388 3.18276e-05 1.36033
904 4.66161e-05 -5.10739 0.914904 3.21677e-05 1.37368
905 5.32657e-05 -2.70166 0.915929 3.19413e-05 1.36421
906 3.14001e-05 -0.640156 0.916953 3.17343e-05 1.35612
907 6.38707e-05 3.14803 0.917977 3.18237e-05 1.36045
908 0.000105566 7.02755 0.919001 3.19887e-05 1.36962
909 4.10775e-05 3.99437 0.920025 3.19801e-05 1.36877
910 -5.16823e-05 -2.99587 0.921049 3.20735e-05 1.37381
911 -3.11453e-05 -5.04166 0.922073 3.22928e-05 1.38273
912 -1.3146e-05 -3.60355 0.923097 3.22742e-05 1.38207
913 5.22107e-06 -1.76926 0.92412 3.22969e-05 1.38236
914 -1.3441e-06 -2.39799 0.925144 3.2414e-05 1.38764
915 6.71714e-06 -1.59634 0.926167 3.24574e-05 1.38966
916 2.03784e-05 -3.08289 0.927191 3.26325e-05 1.39641
917 9.41259e-05 -1.23849 0.928214 3.28748e-05 1.40503
918 5.60693e-05 -2.43227 0.929238 3.28844e-05 1.40624
919 4.05168e-05 -1.33147 0.930261 3.27888e-05 1.4031
920 5.94476e-05 -1.01828 0.931284 3.28829e-05 1.40707
921 8.24961e-05 0.213123 0.932307 3.29114e-05 1.4083
922 4.75145e-05 -1.51859 0.93333 3.30565e-05 1.41525
923 3.23899e-05 -3.56034 0.934353 3.328e-05 1.4245
924 6.85305e-05 -4.69356 0.935376 3.36233e-05 1.43842
925 9.38088e-05 -1.08849 0.936398 3.34105e-05 1.43005
926 8.27345e-06 -1.6091 0.937421 3.33202e-05 1.42775
927 -5.83515e-05 -6.44063 0.938444 3.34864e-05 1.43512
928 5.94284e-06 -5.41393 0.939466 3.37001e-05 1.44389
929 6.07782e-05 -1.74951 0.940489 3.36369e-05 1.4396
930 7.39024e-05 2.79574 0.941511 3.35572e-05 1.43679
931 7.65714e-05 0.913077 0.942533 3.36813e-05 1.44229
932 -1.93905e-05 -1.35037 0.943555 3.3621e-05 1.4408
933 -4.67686e-05 -2.03286 0.944578 3.37331e-05 1.44492
934 2.85152e-05 0.983342 0.9456 3.38326e-05 1.44858
935 8.83595e-05 4.08085 0.946622 3.38686e-05 1.45261
936 4.16156e-05 2.69869 0.947643 3.40111e-05 1.45978
937 9.24201e-06 0.254247 0.948665 3.4046e-05 1.45956
938 -4.02695e-05 -1.94769 0.949687 3.41169e-05 1.46306
939 -5.53512e-05 -1.84661 0.950709 3.4162e-05 1.46518
940 -1.87869e-05 -0.631897 0.95173 3.42939e-05 1.47086
941 3.14254e-06 0.149973 0.952752 3.43586e-05 1.4737
942 1.13213e-05 0.355476 0.953773 3.44931e-05 1.47991
943 2.91383e-05 1.33753 0.954794 3.46353e-05 1.48659
944 1.15024e-05 -1.04628 0.955816 3.47091e-05 1.49038
945 1.67035e-05 -1.61551 0.956837 3.47985e-05 1.4942
946 6.14364e-05 0.107497 0.957858 3.48787e-05 1.49649
947 9.65448e-05 4.12432 0.958879 3.49338e-05 1.49854
948 8.51262e-05 6.78069 0.9599 3.51102e-05 1.50782
949 5.90443e-05 2.09397 0.960921 3.49727e-05 1.50069
950 4.83654e-05 0.0887932 0.961941 3.5166e-05 1.50862
