240 410.683 -23.4958 0.221078 2.07164 0.613568
241 392.965 -3.08184 0.222139 2.0653 0.61483
242 377.455 -5.50274 0.223201 2.05777 0.616056
243 352.454 -8.90371 0.224262 2.04904 0.617245
244 329.203 -9.34706 0.225323 2.03872 0.618369
245 314.385 -7.82043 0.226385 2.02762 0.619475
246 293.143 -5.31127 0.227446 2.01531 0.620536
247 271.925 -1.35323 0.228507 2.0018 0.621548
248 256.655 -0.911756 0.229568 1.98701 0.622497
249 236.603 0.386142 0.230629 1.97113 0.623406
250 219.642 0.283944 0.23169 1.95411 0.62426
251 206.365 -3.0326 0.23275 1.93597 0.62506
252 189.879 -5.21544 0.233811 1.91675 0.625801
253 179.569 -7.06278 0.234872 1.89646 0.626485
254 168.983 -5.44626 0.235932 1.87517 0.627109
255 157.893 -3.46703 0.236993 1.85302 0.627681
256 141.956 -3.20283 0.238054 1.82983 0.628184
257 128.867 -6.43106 0.239114 1.80575 0.628625
258 116.991 -6.12332 0.240174 1.78084 0.629004
259 105.928 -5.29993 0.241235 1.75516 0.629321
260 99.9143 -4.29331 0.242295 1.72875 0.629575
261 92.5273 -1.42903 0.243355 1.70166 0.629768
262 80.6399 -0.310329 0.244416 1.67396 0.629898
263 76.1833 1.56484 0.245476 1.64569 0.629965
264 74.1981 -1.60074 0.246536 1.61691 0.629971
265 65.3413 -6.48384 0.247596 1.58768 0.629916
266 56.6158 -10.4007 0.248656 1.55805 0.6298
267 53.1147 -11.0924 0.249716 1.52808 0.629625
268 51.7435 -7.8046 0.250775 1.4977 0.629379
269 46.3663 -4.23597 0.251835 1.46721 0.629086
270 43.2683 -2.06419 0.252895 1.43654 0.628736
271 37.5538 -2.15226 0.253955 1.40575 0.62833
272 30.0039 -8.2404 0.255014 1.3749 0.62787
273 25.1217 -6.85614 0.256074 1.34403 0.627359
274 22.5558 -4.78726 0.257133 1.3132 0.626797
275 16.7232 -5.93799 0.258193 1.28247 0.626187
276 13.9412 -6.3927 0.259252 1.25188 0.625531
277 16.339 -4.615 0.260312 1.22149 0.624833
278 13.7432 -2.46729 0.261371 1.19149 0.624111
279 11.6663 -8.15625 0.26243 1.16167 0.623346
280 8.49696 -10.2263 0.263489 1.13215 0.622535
281 3.46152 -7.66213 0.264548 1.10302 0.621695
282 4.70268 -7.90347 0.265608 1.07422 0.62082
283 3.49084 -7.56018 0.266667 1.04897 0.620775
284 2.39607 -6.52438 0.267726 1.02109 0.61984
285 2.32391 -8.57282 0.268785 0.991493 0.618152
286 -0.549129 -6.44647 0.269843 0.964989 0.617239
287 0.251754 -7.83532 0.270902 0.939103 0.616321
288 2.44743 -7.46889 0.271961 0.913931 0.615425
289 2.04223 -9.3552 0.27302 0.889475 0.614554
290 1.91647 -9.9834 0.274079 0.865754 0.613716
291 2.81471 -17.2267 0.275137 0.842786 0.612942
292 3.20216 -19.4155 0.276196 0.820541 0.612215
293 4.81861 -20.6838 0.277254 0.799064 0.61158
294 6.75234 -20.1647 0.278313 0.778376 0.611064
295 7.74783 -26.87 0.279371 0.75837 0.610672
296 9.15591 -27.8655 0.28043 0.740247 0.610701
297 10.8725 -25.8969 0.281488 0.720704 0.610351
298 14.0983 -24.8294 0.282546 0.703322 0.61043
299 18.2231 -23.3512 0.283605 0.687169 0.610632
300 23.9186 -20.7928 0.284663 0.672723 0.610952
301 28.5706 -20.292 0.285721 0.660241 0.611326
302 32.0665 -23.2021 0.286779 0.650029 0.611708
303 35.6523 -23.3894 0.287837 0.642251 0.612068
304 39.7506 -22.1721 0.288895 0.636943 0.612397
305 43.1835 -22.2576 0.289953 0.633956 0.612711
306 46.0588 -25.5045 0.291011 0.632992 0.613033
307 47.8773 -26.2206 0.292069 0.633694 0.613415
308 47.8675 -21.6744 0.293127 0.635642 0.613901
309 50.3977 -27.7052 0.294185 0.638545 0.614547
310 52.8279 -29.4086 0.295243 0.642782 0.615562
311 53.5854 -29.4204 0.2963 0.645761 0.616318
312 55.0135 -26.3024 0.297358 0.649758 0.617459
313 57.712 -22.6487 0.298416 0.653862 0.618745
314 60.167 -20.9049 0.299473 0.658093 0.620173
315 63.9835 -20.183 0.300531 0.662412 0.621708
316 67.5459 -22.017 0.301588 0.666739 0.623332
317 69.9296 -21.8913 0.302646 0.671091 0.625029
318 73.3193 -25.0912 0.303703 0.675433 0.626779
319 76.5494 -26.3638 0.30476 0.681054 0.629238
320 80.2169 -24.1237 0.305818 0.683956 0.630384
321 84.0808 -24.6715 0.306875 0.68808 0.632221
322 88.2893 -26.4386 0.307932 0.692065 0.634068
323 90.8671 -21.3529 0.308989 0.695873 0.635915
324 94.4948 -21.1925 0.310046 0.699473 0.637755
325 97.2247 -22.0471 0.311104 0.702838 0.639582
326 101.45 -19.5837 0.312161 0.705939 0.641391
327 104.934 -17.9437 0.313218 0.708758 0.643176
328 103.725 -16.4228 0.314275 0.711228 0.644925
329 104.413 -15.0893 0.315331 0.71342 0.646649
330 108.482 -14.1841 0.316388 0.715276 0.648337
331 111.497 -15.418 0.317445 0.716819 0.649992
332 111.339 -20.1659 0.318502 0.717961 0.651596
333 114.146 -19.7728 0.319559 0.718726 0.653153
334 116.56 -19.0988 0.320615 0.719122 0.654662
335 118.268 -16.008 0.321672 0.719138 0.656121
336 120.767 -17.148 0.322729 0.718785 0.657529
337 121.401 -17.4149 0.323785 0.718072 0.658911
338 118.029 -20.1948 0.324842 0.716941 0.660207
339 117.955 -19.7808 0.325898 0.715431 0.661444
340 118.679 -16.8585 0.326955 0.713524 0.662618
341 118.608 -17.4597 0.328011 0.711267 0.663737
342 119.384 -18.9147 0.329067 0.708635 0.664793
343 119.378 -20.5693 0.330124 0.705642 0.665787
344 119.407 -19.2916 0.33118 0.702294 0.666717
345 120.305 -15.5769 0.332236 0.698601 0.667584
346 121.766 -14.2666 0.333292 0.694571 0.668386
347 120.49 -16.8256 0.334348 0.690214 0.669124
348 118.205 -15.6709 0.335404 0.685541 0.669797
349 116.346 -14.2989 0.33646 0.680564 0.670406
350 114.561 -16.9589 0.337516 0.675292 0.670949
351 113.16 -20.663 0.338572 0.669682 0.67139
352 112.587 -18.1583 0.339628 0.663873 0.671807
353 113.416 -18.0423 0.340684 0.657794 0.672156
354 111.841 -17.7838 0.34174 0.651471 0.672442
355 109.781 -18.1665 0.342796 0.644919 0.672664
356 109.139 -19.6699 0.343851 0.638151 0.672823
357 108.598 -17.6646 0.344907 0.631182 0.67292
358 104.592 -17.8593 0.345963 0.624025 0.672956
359 101.176 -20.9683 0.347018 0.616695 0.672931
360 100.46 -21.4914 0.348074 0.60924 0.67288
361 99.8176 -18.3658 0.34913 0.601608 0.672738
362 98.298 -19.4547 0.350185 0.593848 0.672539
363 96.9196 -22.2034 0.35124 0.585977 0.672287
364 95.4433 -22.9723 0.352296 0.578004 0.671979
365 93.1649 -21.5074 0.353351 0.569949 0.67162
366 91.8035 -16.9104 0.354407 0.561826 0.671211
367 89.6464 -14.2698 0.355462 0.553672 0.67076
368 86.2658 -18.8029 0.356517 0.545458 0.670257
369 83.7687 -19.3414 0.357572 0.537236 0.669715
370 82.4892 -17.4583 0.358627 0.529012 0.669134
371 79.2595 -17.1775 0.359682 0.520804 0.668518
372 76.5642 -20.0331 0.360737 0.512629 0.667869
373 75.9415 -20.017 0.361792 0.504506 0.667194
374 74.6392 -17.8147 0.362847 0.496451 0.666496
375 71.6397 -19.618 0.363902 0.488463 0.665756
376 69.6979 -19.8627 0.364957 0.480606 0.665029
377 68.9773 -23.138 0.366012 0.472875 0.664297
378 67.5889 -21.3993 0.367067 0.465293 0.663567
379 65.3479 -23.2603 0.368122 0.457881 0.662846
380 64.8896 -23.2524 0.369176 0.45066 0.662143
381 65.0654 -21.6264 0.370231 0.443654 0.661468
382 62.9921 -21.6259 0.371286 0.436885 0.66083
383 62.0804 -23.329 0.37234 0.43038 0.660241
384 60.684 -22.8735 0.373395 0.424164 0.659711
385 58.4433 -20.5798 0.374449 0.418265 0.659252
386 58.4138 -18.1859 0.375504 0.412711 0.658876
387 57.682 -15.2857 0.376558 0.407533 0.658593
388 56.0087 -13.2409 0.377613 0.403131 0.658777
389 55.8234 -11.1491 0.378667 0.398739 0.658679
390 55.8144 -14.0532 0.379721 0.394547 0.658408
391 55.1756 -16.4047 0.380775 0.39116 0.658596
392 54.1232 -16.1597 0.38183 0.388279 0.658921
393 53.9956 -15.1964 0.382884 0.385914 0.659387
394 52.2048 -15.8095 0.383938 0.384068 0.659998
395 50.5733 -17.0056 0.384992 0.382734 0.660755
396 48.6341 -16.1889 0.386046 0.381896 0.661658
397 48.3328 -15.6474 0.3871 0.381529 0.662707
398 45.3714 -16.2557 0.388154 0.381845 0.664159
399 44.4654 -13.0035 0.389208 0.382354 0.665506
400 42.5279 -7.94692 0.390262 0.382909 0.666685
401 41.2314 -7.83286 0.391316 0.38406 0.668267
402 40.2991 -4.16663 0.392369 0.385484 0.669963
403 38.7153 -7.39044 0.393423 0.38714 0.671761
404 36.4526 -12.1055 0.394477 0.388987 0.673651
405 35.0041 -9.26003 0.39553 0.390989 0.675621
406 34.1296 -5.99102 0.396584 0.393127 0.677682
407 31.8528 -8.86085 0.397638 0.395338 0.679779
408 29.7199 -9.438 0.398691 0.397608 0.68192
409 27.8622 -10.6813 0.399745 0.399912 0.684096
410 26.3717 -10.8116 0.400798 0.402224 0.686297
411 24.7476 -3.35824 0.401852 0.404523 0.688513
412 22.2314 -3.02931 0.402905 0.406769 0.690709
413 21.0771 -5.83906 0.403958 0.408987 0.69293
414 20.4869 -3.94652 0.405011 0.411141 0.695145
415 18.4695 -4.05551 0.406065 0.413219 0.697346
416 17.7462 -3.14497 0.407118 0.415204 0.699527
417 16.4278 -5.27001 0.408171 0.417088 0.701684
418 14.7474 -4.98594 0.409224 0.41886 0.703811
419 13.4568 -8.51322 0.410277 0.420505 0.705901
420 12.2514 -12.1625 0.41133 0.422031 0.707958
421 10.7034 -10.5497 0.412383 0.423518 0.710026
422 10.9418 -8.50186 0.413436 0.424682 0.71195
423 10.6256 -5.00347 0.414489 0.425798 0.713879
424 8.83098 -9.81247 0.415542 0.42677 0.715761
425 6.22657 -12.7698 0.416594 0.427596 0.717593
426 4.64957 -12.2228 0.417647 0.428273 0.719374
427 4.36411 -12.9861 0.4187 0.428803 0.721104
428 4.52694 -7.8727 0.419753 0.429183 0.72278
429 4.79133 -7.95408 0.420805 0.429414 0.724402
430 4.57249 -11.1118 0.421858 0.429497 0.725968
431 4.50625 -16.566 0.42291 0.429431 0.727478
432 3.23371 -15.0779 0.423963 0.42922 0.728931
433 3.02316 -13.7913 0.425015 0.428864 0.730327
434 2.76443 -9.75047 0.426068 0.428367 0.731665
435 1.8259 -7.11117 0.42712 0.427729 0.732945
436 2.53185 -13.1127 0.428172 0.426955 0.734167
437 2.57967 -15.3445 0.429225 0.426047 0.735332
438 1.97897 -16.8073 0.430277 0.425007 0.736438
439 2.23478 -20.2885 0.431329 0.423842 0.737486
440 2.11151 -18.3679 0.432381 0.422552 0.738478
441 2.52215 -16.3483 0.433433 0.421143 0.739412
442 2.54449 -15.1006 0.434485 0.419619 0.740289
443 2.54689 -15.6205 0.435537 0.417983 0.741111
444 2.67968 -15.3417 0.436589 0.41624 0.741877
445 2.90822 -17.6248 0.437641 0.414395 0.742588
446 3.62177 -17.0789 0.438693 0.412452 0.743245
447 3.1057 -15.6362 0.439745 0.410416 0.743849
448 3.69434 -14.4564 0.440797 0.408291 0.744401
449 4.84347 -13.1979 0.441848 0.406083 0.744902
450 5.25597 -16.1901 0.4429 0.403797 0.745353
451 5.70592 -18.1871 0.443952 0.401439 0.745755
452 5.94492 -15.7732 0.445003 0.399012 0.74611
453 5.46301 -19.2659 0.446055 0.396524 0.74642
454 6.2285 -23.2337 0.447106 0.39398 0.746686
455 7.91346 -25.12 0.448158 0.391386 0.74691
456 8.37562 -24.9512 0.449209 0.388747 0.747095
457 8.39428 -19.3108 0.450261 0.38607 0.747241
458 8.9485 -12.9468 0.451312 0.383361 0.747352
459 9.91024 -14.762 0.452363 0.380626 0.74743
460 10.763 -16.6451 0.453414 0.377872 0.747478
461 11.5686 -18.8068 0.454466 0.375106 0.7475
462 12.5064 -20.1254 0.455517 0.372335 0.747498
463 13.7651 -19.264 0.456568 0.369567 0.747476
464 13.9317 -22.2918 0.457619 0.366809 0.747439
465 13.9993 -19.3734 0.45867 0.364069 0.74739
466 14.2462 -22.3098 0.459721 0.361356 0.747335
467 13.8682 -23.9899 0.460772 0.358677 0.747279
468 14.3211 -25.5624 0.461823 0.356044 0.747227
469 16.2585 -22.807 0.462874 0.353518 0.747227
470 16.5301 -22.216 0.463924 0.350995 0.747198
471 17.7913 -20.0078 0.464975 0.348503 0.747159
472 20.1228 -18.3509 0.466026 0.346147 0.747193
473 19.9955 -17.694 0.467077 0.343881 0.747262
474 19.4097 -20.6719 0.468127 0.341719 0.747377
475 20.0988 -21.1379 0.469178 0.339673 0.747548
476 21.4048 -25.6065 0.470228 0.337753 0.747783
477 22.7248 -24.0534 0.471279 0.335969 0.748089
478 23.6746 -26.1907 0.472329 0.334331 0.748476
479 24.0407 -29.1588 0.47338 0.332848 0.748952
480 25.2253 -24.5058 0.47443 0.331527 0.749523
481 25.9033 -24.7225 0.47548 0.330376 0.750196
482 26.4147 -25.4016 0.47653 0.329399 0.750976
483 27.3534 -21.7325 0.477581 0.3286 0.75187
484 28.4774 -20.6677 0.478631 0.327981 0.752879
485 29.8215 -23.8812 0.479681 0.327541 0.754006
486 31.0615 -29.7491 0.480731 0.327278 0.755252
487 32.8307 -27.5881 0.481781 0.327188 0.756617
488 34.0141 -26.099 0.482831 0.327264 0.758098
489 34.2926 -29.6893 0.483881 0.327498 0.759691
490 34.8067 -29.3805 0.484931 0.327882 0.761393
491 35.7625 -20.7042 0.485981 0.328404 0.763198
492 36.875 -20.939 0.48703 0.329054 0.765099
493 38.2561 -18.6418 0.48808 0.329817 0.767089
494 39.4472 -17.3265 0.48913 0.330681 0.76916
495 41.1061 -13.5691 0.490179 0.331632 0.77129
496 41.8515 -15.8084 0.491229 0.332686 0.773521
497 42.2261 -16.6397 0.492278 0.333779 0.775787
498 42.838 -14.7524 0.493328 0.33488 0.778061
499 43.0155 -12.3697 0.494377 0.336055 0.780407
500 44.5172 -13.7276 0.495427 0.337255 0.782782
501 44.6605 -18.9056 0.496476 0.338471 0.78518
502 44.5119 -19.5715 0.497525 0.339694 0.787594
503 45.7974 -17.8643 0.498575 0.340914 0.790017
504 46.8344 -18.0923 0.499624 0.342123 0.792443
505 47.0714 -18.2991 0.500673 0.343314 0.794867
506 46.4292 -12.0025 0.501722 0.344482 0.797283
507 46.3066 -10.3764 0.502771 0.345619 0.799687
508 46.9344 -9.16744 0.50382 0.346721 0.802074
509 47.6098 -9.7201 0.504869 0.347783 0.804442
510 49.3951 -11.8702 0.505918 0.348802 0.806787
511 49.5977 -9.81061 0.506967 0.349775 0.809106
512 49.0179 -7.09717 0.508016 0.350698 0.811397
513 48.325 -10.3195 0.509065 0.351569 0.813657
514 48.0155 -9.1919 0.510113 0.352386 0.815884
515 47.5807 -8.58475 0.511162 0.353148 0.818077
516 46.4382 -10.1232 0.512211 0.353861 0.820258
517 47.1142 -8.73154 0.513259 0.354509 0.822379
518 46.5304 -11.3258 0.514308 0.3551 0.824462
519 45.6676 -8.18116 0.515356 0.355631 0.826507
520 44.835 -10.8494 0.516405 0.356105 0.828512
521 44.0051 -10.1992 0.517453 0.35652 0.830477
522 43.4662 -6.55335 0.518502 0.356877 0.832402
523 44.8486 -5.07592 0.51955 0.357176 0.834287
524 45.8554 -7.894 0.520598 0.357419 0.836131
525 44.9696 -3.0011 0.521646 0.357604 0.837934
526 43.5393 -6.95898 0.522695 0.357735 0.839697
527 41.4652 -7.42495 0.523743 0.35781 0.841418
528 40.7149 -8.15478 0.524791 0.357833 0.8431
529 40.8215 -7.61119 0.525839 0.357804 0.844742
530 40.8294 -10.176 0.526887 0.357724 0.846345
531 41.3002 -6.2762 0.527935 0.357596 0.847909
532 40.6791 -1.16285 0.528982 0.35742 0.849435
533 39.4288 -2.18053 0.53003 0.357197 0.850923
534 38.1902 -4.49745 0.531078 0.356931 0.852374
535 36.6752 -6.43777 0.532126 0.356622 0.853789
536 35.5743 -7.46255 0.533173 0.356273 0.855169
537 34.6557 -9.94929 0.534221 0.355885 0.856515
538 34.3875 -7.07282 0.535269 0.35546 0.857827
539 33.6688 -6.7676 0.536316 0.355 0.859108
540 32.9694 -6.3186 0.537364 0.354508 0.860358
541 32.3358 -5.34686 0.538411 0.353986 0.861578
542 31.4312 -7.14723 0.539458 0.353435 0.862771
543 31.0843 -5.23461 0.540506 0.352859 0.863937
544 30.0485 -3.68388 0.541553 0.352259 0.865077
545 28.9782 -6.88482 0.5426 0.351638 0.866195
546 28.027 -6.43542 0.543647 0.350998 0.867291
547 27.1602 -6.58586 0.544694 0.350342 0.868367
548 26.3138 -7.35867 0.545741 0.349673 0.869425
549 24.855 -7.068 0.546788 0.348993 0.870468
550 23.3715 -7.19879 0.547835 0.348305 0.871497
551 22.8883 -15.4629 0.548882 0.347612 0.872516
552 23.2688 -12.0109 0.549929 0.346916 0.873525
553 23.1996 -10.0328 0.550976 0.346222 0.874529
554 21.4186 -8.64118 0.552023 0.345531 0.87553
555 20.6212 -3.496 0.553069 0.344846 0.876531
556 20.2604 -4.70593 0.554116 0.344172 0.877535
557 19.9725 -6.27704 0.555163 0.343512 0.878545
558 19.3212 -4.77782 0.556209 0.342868 0.879565
559 18.7489 -7.51595 0.557256 0.342244 0.880598
560 17.1457 -8.4928 0.558302 0.341643 0.881648
561 16.4297 -5.98676 0.559349 0.34107 0.882719
562 16.2605 -5.04429 0.560395 0.340527 0.883814
563 16.2206 -4.43654 0.561441 0.340018 0.884938
564 15.6181 -0.145831 0.562488 0.339546 0.886094
565 14.6086 -3.1744 0.563534 0.339115 0.887288
566 15.1481 -5.52195 0.56458 0.338728 0.888521
567 15.4485 -2.90906 0.565626 0.338387 0.8898
568 15.4158 -2.21133 0.566672 0.338097 0.891127
569 14.4075 -0.079401 0.567718 0.337859 0.892505
570 12.6164 -5.31945 0.568764 0.337675 0.893939
571 11.0938 -8.26136 0.56981 0.337548 0.895431
572 10.1421 -6.44514 0.570856 0.33748 0.896984
573 10.23 -7.63918 0.571901 0.33747 0.8986
574 10.7437 -4.9924 0.572947 0.337521 0.900281
575 10.9691 -2.14579 0.573993 0.337633 0.902027
576 11.2018 0.399529 0.575039 0.337804 0.903841
577 10.5836 -0.354738 0.576084 0.338035 0.905721
578 9.12847 -0.0866658 0.57713 0.338325 0.907667
579 8.71122 -1.08717 0.578175 0.33867 0.909678
580 8.41502 -0.406759 0.57922 0.339071 0.911753
581 8.07542 -1.21191 0.580266 0.339523 0.91389
582 8.39824 -1.25022 0.581311 0.340024 0.916085
583 7.82995 -5.24696 0.582356 0.340571 0.918337
584 6.38803 -6.62599 0.583402 0.341161 0.920641
585 6.27339 -4.72463 0.584447 0.341789 0.922994
586 6.18725 -9.14468 0.585492 0.342452 0.925393
587 5.68111 -4.11883 0.586537 0.343146 0.927832
588 5.24648 -1.76132 0.587582 0.343868 0.930309
589 4.80661 1.6555 0.588627 0.344613 0.932819
590 4.7958 2.53956 0.589672 0.345378 0.935357
591 4.96867 -4.90761 0.590717 0.346163 0.937916
592 4.39292 -4.1336 0.591761 0.346956 0.9405
593 3.44955 -4.82596 0.592806 0.347758 0.943101
594 3.74714 -3.48006 0.593851 0.348566 0.945715
595 3.51395 -0.888238 0.594895 0.349377 0.94834
596 2.49174 -2.00346 0.59594 0.350188 0.950971
597 1.88136 -4.15756 0.596984 0.350997 0.953607
598 1.9884 -2.35832 0.598029 0.351801 0.956243
599 2.49841 3.06341 0.599073 0.352599 0.958878
600 2.88206 2.85111 0.600118 0.353387 0.961509
601 2.42205 2.55755 0.601162 0.354165 0.964134
602 1.89525 -0.498419 0.602206 0.354931 0.966752
603 2.4294 -3.48495 0.60325 0.355684 0.96936
604 2.80066 -5.206 0.604295 0.356423 0.971957
605 1.96771 -7.83172 0.605339 0.357146 0.974541
606 1.89021 -6.00282 0.606383 0.357853 0.977113
607 2.06834 0.0313333 0.607427 0.358543 0.979669
608 2.0568 -1.15341 0.60847 0.359215 0.98221
609 1.49575 -0.55437 0.609514 0.359869 0.984735
610 0.148725 -4.94724 0.610558 0.360505 0.987244
611 0.298388 -4.08164 0.611602 0.361123 0.989735
612 0.951406 -1.59627 0.612646 0.361722 0.992208
613 1.41046 0.767539 0.613689 0.362304 0.994687
614 0.576525 0.0397625 0.614733 0.362866 0.997127
615 0.457244 -0.421876 0.615776 0.36341 0.999547
616 0.604235 -2.72341 0.61682 0.363935 1.00196
617 0.553374 -3.61573 0.617863 0.364442 1.00434
618 0.189869 -2.61782 0.618907 0.364931 1.00671
619 0.06108 -4.78341 0.61995 0.365404 1.00906
620 0.199763 -2.82876 0.620993 0.365859 1.01139
621 1.31389 3.66166 0.622036 0.366298 1.0137
622 0.98998 2.16003 0.62308 0.366721 1.016
623 0.857466 -0.344125 0.624123 0.367128 1.01828
624 0.751594 -2.25456 0.625166 0.367521 1.02055
625 0.988821 -11.2206 0.626209 0.367901 1.0228
626 1.24145 -6.07433 0.627252 0.368266 1.02504
627 0.14294 -1.63302 0.628294 0.36862 1.02726
628 0.318539 -0.34062 0.629337 0.368961 1.02947
629 -0.0902212 -6.28583 0.63038 0.369291 1.03167
630 -0.992974 -9.79026 0.631423 0.369611 1.03386
631 -1.49743 -8.23579 0.632465 0.369922 1.03604
632 -0.989667 -3.48378 0.633508 0.370224 1.0382
633 -0.708287 -3.33178 0.63455 0.370519 1.04036
634 -0.337547 -0.614449 0.635593 0.370806 1.04252
635 0.413317 -1.59354 0.636635 0.371088 1.04466
636 1.02493 -1.59133 0.637678 0.371365 1.0468
637 0.8735 -1.40286 0.63872 0.371638 1.04894
638 0.489941 -1.21078 0.639762 0.371908 1.05107
639 0.0555048 -4.76691 0.640804 0.372177 1.0532
640 0.459932 -4.35811 0.641846 0.372444 1.05534
641 1.1369 -3.22676 0.642889 0.372711 1.05747
642 0.935247 -7.35739 0.643931 0.37298 1.0596
643 1.20793 -4.92024 0.644972 0.37325 1.06174
644 1.54468 -4.96203 0.646014 0.373524 1.06388
645 1.57803 -1.73221 0.647056 0.37242 1.06306
646 1.2281 0.146364 0.648098 0.372683 1.06517
647 1.39755 -1.33433 0.64914 0.372953 1.06729
648 1.17629 -1.31416 0.650181 0.37323 1.06942
649 0.529227 -0.706419 0.651223 0.373515 1.07156
650 -0.0790261 -5.81485 0.652265 0.373809 1.07372
651 -0.224798 -3.58218 0.653306 0.374113 1.07589
652 0.212358 -2.18045 0.654347 0.374429 1.07808
653 0.458704 0.805581 0.655389 0.374756 1.08028
654 1.20308 -1.11902 0.65643 0.375096 1.0825
655 1.90059 -4.01323 0.657471 0.377039 1.08821
656 1.99652 -0.417135 0.658513 0.377429 1.09053
657 2.01358 0.533251 0.659554 0.377836 1.09287
658 1.99402 -0.0325983 0.660595 0.378259 1.09524
659 2.07579 -2.33062 0.661636 0.378699 1.09763
660 1.70579 -3.68478 0.662677 0.379157 1.10005
661 1.78446 -4.32445 0.663718 0.379632 1.1025
662 1.66961 -4.69754 0.664759 0.380126 1.10498
663 1.32243 -2.29577 0.665799 0.38064 1.10749
664 0.469193 -3.39858 0.66684 0.381172 1.11003
665 -0.311303 -7.15196 0.667881 0.381723 1.1126
666 0.0269354 -7.35158 0.668921 0.382293 1.1152
667 0.0162915 -6.60257 0.669962 0.382882 1.11783
668 -0.310268 -3.75745 0.671003 0.38349 1.12049
669 -0.293214 -3.11982 0.672043 0.384116 1.12318
670 0.470974 0.260469 0.673083 0.38476 1.12591
671 0.685433 -5.2982 0.674124 0.385423 1.12866
672 0.705643 -8.53673 0.675164 0.386102 1.13145
673 0.50684 -8.11949 0.676204 0.386797 1.13426
674 -0.0676197 -1.7029 0.677244 0.387508 1.1371
675 -0.200125 2.99572 0.678284 0.388235 1.13996
676 0.26778 -0.549885 0.679324 0.388975 1.14285
677 0.0467181 -4.96607 0.680364 0.389728 1.14577
678 -0.20298 -3.36932 0.681404 0.390494 1.14871
679 0.959804 1.99895 0.682444 0.391271 1.15167
680 1.45319 4.91454 0.683484 0.392058 1.15465
681 1.63933 -1.55914 0.684524 0.392855 1.15765
682 1.2653 -3.09632 0.685563 0.39366 1.16066
683 0.770528 1.16652 0.686603 0.394473 1.1637
684 0.584817 3.41076 0.687642 0.395293 1.16674
685 0.241855 -0.878396 0.688682 0.396118 1.1698
686 0.474828 -1.32629 0.689721 0.396948 1.17288
687 1.10891 -0.495515 0.690761 0.397783 1.17596
688 1.47701 -1.35439 0.6918 0.398621 1.17905
689 1.32535 -3.87095 0.692839 0.399462 1.18215
690 0.622881 -6.95122 0.693878 0.400304 1.18526
691 0.639415 -7.44724 0.694918 0.401148 1.18838
692 0.870143 -2.78675 0.695957 0.401993 1.1915
693 0.979762 -2.60262 0.696996 0.402838 1.19463
694 0.772907 -4.68455 0.698034 0.403683 1.19776
695 0.381393 -4.23124 0.699073 0.404527 1.20089
696 -0.762638 -6.93401 0.700112 0.40537 1.20402
697 0.195807 -4.30753 0.701151 0.406212 1.20716
698 0.518038 -3.38556 0.70219 0.407052 1.2103
699 -0.0135123 -2.73148 0.703228 0.40789 1.21344
700 -0.464447 0.040264 0.704267 0.408726 1.21658
701 -0.447308 0.952404 0.705305 0.40956 1.21972
702 -0.0362759 0.678733 0.706344 0.410391 1.22286
703 -0.0247351 2.31066 0.707382 0.41122 1.226
704 0.567778 -1.80888 0.70842 0.412045 1.22914
705 0.968481 -1.38132 0.709459 0.412869 1.23228
706 0.962919 -0.429036 0.710497 0.413689 1.23542
707 1.60389 0.896579 0.711535 0.414507 1.23855
708 1.53943 -2.3798 0.712573 0.415322 1.24169
709 1.96865 -3.35752 0.713611 0.416134 1.24483
710 1.03979 -0.379825 0.714649 0.416944 1.24796
711 0.603409 -2.11744 0.715687 0.417752 1.2511
712 0.620034 -0.505163 0.716725 0.418557 1.25423
713 0.759676 -0.951755 0.717763 0.41936 1.25736
714 0.809672 0.5348 0.7188 0.420161 1.2605
715 0.476363 0.509143 0.719838 0.42096 1.26363
716 0.329303 1.30746 0.720875 0.421758 1.26677
717 0.144462 1.80895 0.721913 0.422554 1.2699
718 0.380965 -0.331399 0.72295 0.423349 1.27304
719 0.476128 0.449643 0.723988 0.424144 1.27618
720 0.0500753 3.14828 0.725025 0.424937 1.27932
721 -1.10165 0.332265 0.726062 0.42573 1.28246
722 -1.30114 -3.45563 0.7271 0.426523 1.28561
723 -0.289555 -5.25524 0.728137 0.427316 1.28875
724 -1.04628 -5.39595 0.729174 0.42811 1.29191
725 -1.2998 -4.65206 0.730211 0.428904 1.29506
726 -1.70982 -5.1063 0.731248 0.429699 1.29822
727 -1.75072 -6.93905 0.732285 0.430495 1.30139
728 -0.561216 -7.37959 0.733321 0.431293 1.30456
729 0.0832648 -4.62833 0.734358 0.432092 1.30773
730 0.0487184 -3.08716 0.735395 0.432894 1.31091
731 -0.246491 -2.34681 0.736431 0.433698 1.3141
732 -0.403076 -5.74951 0.737468 0.434504 1.3173
733 -0.0768449 -5.92635 0.738504 0.435314 1.3205
734 -0.916074 -6.80235 0.739541 0.436127 1.32371
735 -1.76265 -8.81514 0.740577 0.436943 1.32693
736 -1.4756 -10.7887 0.741614 0.437764 1.33016
737 -0.988543 -12.6504 0.74265 0.438588 1.3334
738 -0.0560761 -9.05199 0.743686 0.439417 1.33665
739 -0.161769 -6.10852 0.744722 0.440251 1.33992
740 -0.353115 -6.78607 0.745758 0.441089 1.34319
741 -0.638873 -4.9189 0.746794 0.441933 1.34647
742 0.912033 -0.987462 0.74783 0.442782 1.34977
743 1.58436 -1.07467 0.748866 0.443636 1.35308
744 0.978108 -0.429067 0.749902 0.444497 1.3564
745 0.315642 0.439483 0.750937 0.445364 1.35973
746 0.447967 4.21378 0.751973 0.446236 1.36308
747 1.33464 1.69562 0.753009 0.447116 1.36644
748 1.27827 0.6266 0.754044 0.448002 1.36982
749 1.25642 4.95988 0.755079 0.448894 1.37321
750 1.10196 8.15739 0.756115 0.449794 1.37662
751 -0.319056 5.7971 0.75715 0.449151 1.37403
752 -1.05027 -0.968122 0.758185 0.450043 1.37739
753 -1.16877 -5.37805 0.759221 0.450941 1.38076
754 -0.620239 -7.79749 0.760256 0.451847 1.38415
755 0.437266 -4.81647 0.761291 0.45276 1.38755
756 0.491974 1.06162 0.762326 0.45368 1.39097
757 0.793159 2.67073 0.763361 0.454607 1.39441
758 0.526691 -0.121212 0.764396 0.45554 1.39786
759 -0.300618 -3.14254 0.76543 0.456481 1.40132
760 -1.34763 -6.32399 0.766465 0.459181 1.41155
761 -1.47419 -9.6432 0.7675 0.460159 1.41514
762 -0.998702 -7.47399 0.768534 0.461144 1.41873
763 -0.526464 -6.49284 0.769569 0.462135 1.42234
764 0.168493 -2.23572 0.770603 0.463134 1.42597
765 0.791775 0.621497 0.771638 0.464139 1.42962
766 0.206712 -3.83054 0.772672 0.465151 1.43327
767 -1.8269 -5.39325 0.773706 0.466168 1.43695
768 -2.24483 -6.01312 0.774741 0.467192 1.44063
769 -0.399733 -3.8783 0.775775 0.468222 1.44433
770 -0.113842 -6.33134 0.776809 0.469258 1.44805
771 -0.668309 -7.73694 0.777843 0.470299 1.45178
772 0.433114 -1.44665 0.778877 0.471345 1.45552
773 1.01415 -4.93503 0.779911 0.472397 1.45927
774 1.28638 -0.854532 0.780944 0.473454 1.46304
775 2.55625 -3.49519 0.781978 0.474515 1.46682
776 2.74731 -3.63929 0.783012 0.475581 1.47061
777 2.25364 2.50784 0.784045 0.476652 1.47441
778 0.888988 -1.79271 0.785079 0.477727 1.47822
779 -0.205834 -4.39051 0.786112 0.478805 1.48204
780 -0.547247 -6.90969 0.787146 0.479888 1.48588
781 -1.04206 -10.0271 0.788179 0.480975 1.48972
782 0.123451 -9.18308 0.789212 0.482066 1.49357
783 0.138851 -9.38282 0.790245 0.48316 1.49744
784 -1.29789 -10.42 0.791279 0.484257 1.50131
785 -1.02241 -7.82986 0.792312 0.485357 1.50519
786 0.646274 -2.67666 0.793345 0.486461 1.50908
787 1.34498 0.765255 0.794378 0.487562 1.51299
788 0.968903 3.2743 0.79541 0.488676 1.51689
789 1.15289 -1.83791 0.796443 0.489788 1.5208
790 1.12275 -3.48795 0.797476 0.490903 1.52472
791 0.925477 -3.67349 0.798508 0.492021 1.52865
792 0.444327 -1.61998 0.799541 0.493141 1.53259
793 0.568815 -3.83572 0.800574 0.494264 1.53654
794 1.2402 -2.29242 0.801606 0.495389 1.54049
795 2.01015 -0.333566 0.802638 0.496517 1.54446
796 2.63348 4.87366 0.803671 0.497647 1.54843
797 3.11134 6.94517 0.804703 0.49878 1.5524
798 2.33294 2.84367 0.805735 0.499915 1.55639
799 1.61988 1.18719 0.806767 0.501052 1.56038
800 1.26445 0.261296 0.807799 0.502192 1.56438
801 0.593658 -1.76475 0.808831 0.503335 1.56838
802 0.351104 -2.06532 0.809863 0.50448 1.5724
803 0.0957445 -2.97303 0.810895 0.505627 1.57642
804 -0.116852 -0.923004 0.811927 0.506777 1.58045
805 -0.356135 1.28133 0.812958 0.50793 1.58448
806 0.309586 -3.97119 0.81399 0.509085 1.58853
807 1.35689 -1.61805 0.815021 0.510243 1.59258
808 0.277975 -1.05459 0.816053 0.511403 1.59664
809 -0.51012 -2.25205 0.817084 0.512568 1.60071
810 -0.0145994 -1.12051 0.818115 0.513734 1.60478
811 1.39922 0.729161 0.819147 0.514904 1.60887
812 1.85185 4.54696 0.820178 0.516075 1.61296
813 1.46756 1.89575 0.821209 0.51725 1.61706
814 -0.610828 -7.1942 0.82224 0.518427 1.62116
815 -0.30757 -9.18362 0.823271 0.519608 1.62528
816 0.288126 -6.58338 0.824302 0.520792 1.6294
817 -0.0779583 -4.21703 0.825333 0.521979 1.63354
818 0.241176 -3.16773 0.826364 0.523169 1.63768
819 0.117775 -2.26657 0.827394 0.524363 1.64183
820 -1.16493 -8.65491 0.828425 0.52556 1.64599
821 -1.64607 -7.17841 0.829455 0.52676 1.65016
822 -1.19515 -0.509695 0.830486 0.527964 1.65434
823 -1.04667 -1.96444 0.831516 0.529172 1.65853
824 -0.105833 -1.05857 0.832547 0.530384 1.66272
825 -0.236037 -2.99131 0.833577 0.531848 1.66779
826 -0.373868 -0.695321 0.834607 0.533066 1.672
827 0.169838 -1.49635 0.835637 0.534287 1.67623
828 -0.395951 -3.28559 0.836667 0.535512 1.68046
829 -1.52662 -5.33675 0.837697 0.536741 1.6847
830 -1.13166 -8.19886 0.838727 0.537975 1.68896
831 0.537068 -1.34925 0.839757 0.539212 1.69322
832 0.759273 -0.11986 0.840787 0.540453 1.69749
833 0.583731 2.30859 0.841816 0.541462 1.70096
834 0.921388 -1.19449 0.842846 0.542713 1.70526
835 0.127453 -2.05969 0.843876 0.543969 1.70957
836 -0.68691 -5.2343 0.844905 0.545229 1.71389
837 -0.673615 -4.70774 0.845934 0.546493 1.71823
838 -0.989807 -10.0715 0.846964 0.547762 1.72257
839 -0.542674 -9.67789 0.847993 0.549035 1.72693
840 -0.0648401 -5.41506 0.849022 0.550313 1.73129
841 0.529402 -4.4755 0.850051 0.551596 1.73567
842 -0.338313 -3.9103 0.85108 0.552882 1.74006
843 -0.648272 -4.99516 0.852109 0.554174 1.74446
844 0.181811 -4.65256 0.853138 0.55547 1.74888
845 1.20443 4.01168 0.854167 0.55677 1.7533
846 1.35977 4.68459 0.855196 0.558075 1.75774
847 1.07948 -0.646944 0.856224 0.559385 1.76218
848 1.1904 -0.401644 0.857253 0.560699 1.76664
849 0.246315 -1.18049 0.858282 0.562018 1.77111
850 -1.1805 -3.0609 0.85931 0.563343 1.7756
851 -0.333087 -3.60271 0.860338 0.564669 1.78009
852 -0.0589724 -4.80268 0.861367 0.566001 1.78459
853 -0.522136 -3.15679 0.862395 0.567338 1.78911
854 -0.237075 -1.58939 0.863423 0.56868 1.79364
855 -0.559748 -2.41808 0.864451 0.570026 1.79818
856 -0.802388 -4.48565 0.865479 0.571377 1.80273
857 -0.906226 1.71263 0.866507 0.572732 1.80729
858 -0.748573 1.8361 0.867535 0.574091 1.81186
859 0.613497 3.38109 0.868563 0.575455 1.81645
860 1.56487 7.3714 0.869591 0.576824 1.82104
861 1.23247 4.66202 0.870618 0.578197 1.82565
862 0.928483 0.164275 0.871646 0.579574 1.83027
863 1.63157 -1.24299 0.872673 0.580955 1.83489
864 1.57112 -1.55086 0.873701 0.582362 1.83961
865 0.868173 -1.26033 0.874728 0.583752 1.84426
866 0.221492 -1.74448 0.875755 0.585146 1.84892
867 0.756908 -2.68872 0.876783 0.586545 1.85359
868 0.4419 -4.32716 0.87781 0.587947 1.85827
869 0.1827 -1.40977 0.878837 0.589345 1.8629
870 -0.419551 -0.559112 0.879864 0.590755 1.8676
871 -0.255762 -3.02503 0.880891 0.59217 1.87232
872 0.465686 -1.22439 0.881917 0.593588 1.87704
873 0.0599607 -1.56823 0.882944 0.595011 1.88177
874 -0.453511 -4.08263 0.883971 0.596437 1.88652
875 0.215962 -4.41198 0.884997 0.597868 1.89127
876 0.37889 -1.67023 0.886024 0.598746 1.89458
877 2.00812 3.71809 0.88705 0.600741 1.90081
878 2.13763 4.85627 0.888077 0.602184 1.9056
879 2.44976 3.55203 0.889103 0.60363 1.91039
880 1.66038 1.82738 0.890129 0.60508 1.9152
881 1.64903 4.38892 0.891156 0.606534 1.92001
882 1.56908 5.38908 0.892182 0.607993 1.92483
883 1.27955 6.09632 0.893208 0.609455 1.92967
884 0.611155 4.97804 0.894234 0.61092 1.93451
885 1.20745 2.71477 0.895259 0.61239 1.93937
886 0.99587 0.193583 0.896285 0.613863 1.94423
887 0.280544 -5.69255 0.897311 0.615341 1.94911
888 -0.310676 -3.3029 0.898336 0.616822 1.95399
889 0.430514 -2.14136 0.899362 0.618307 1.95888
890 1.52495 -0.17877 0.900387 0.619796 1.96379
891 1.23794 -2.40486 0.901413 0.621288 1.9687
892 0.661939 -2.16196 0.902438 0.622785 1.97362
893 0.104263 -6.99961 0.903463 0.624285 1.97855
894 0.723103 -4.29749 0.904489 0.625789 1.9835
895 1.36523 -0.39268 0.905514 0.627285 1.9884
896 1.26721 0.661461 0.906539 0.628797 1.99337
897 1.04912 2.17454 0.907564 0.630313 1.99834
898 1.17098 -1.1774 0.908589 0.631833 2.00332
899 0.309861 -5.62933 0.909613 0.633356 2.00831
900 -0.314063 -7.37848 0.910638 0.634884 2.01332
901 1.10974 -2.61471 0.911663 0.636416 2.01833
902 1.07072 3.17556 0.912687 0.637951 2.02335
903 0.363576 2.92897 0.913712 0.63949 2.02838
904 0.323358 1.34993 0.914736 0.64106 2.03351
905 0.0330606 -3.06049 0.91576 0.642587 2.0385
906 1.02381 0.52866 0.916785 0.644139 2.04357
907 0.0563864 0.776877 0.917809 0.645696 2.04864
908 0.22419 1.53784 0.918833 0.647256 2.05372
909 -0.831844 0.320728 0.919857 0.64882 2.05882
910 -0.654079 -1.37168 0.920881 0.650388 2.06392
911 -0.837353 -0.688491 0.921905 0.65196 2.06903
912 -2.30621 -10.5916 0.922928 0.653536 2.07416
913 -3.06939 -12.2455 0.923952 0.655116 2.07929
914 -0.515264 -3.74308 0.924976 0.656701 2.08443
915 0.757082 0.435437 0.925999 0.658289 2.08959
916 1.72433 -1.45356 0.927023 0.659881 2.09475
917 1.17711 -0.552385 0.928046 0.661478 2.09992
918 0.787498 -1.95091 0.92907 0.663079 2.10511
919 1.96028 -0.683455 0.930093 0.664683 2.1103
920 2.60199 2.5195 0.931116 0.666292 2.11551
921 1.99047 1.86009 0.932139 0.667905 2.12072
922 2.21149 0.348118 0.933162 0.669522 2.12595
923 1.2274 -0.0427395 0.934185 0.671144 2.13118
924 0.3992 -4.62328 0.935208 0.672769 2.13643
925 0.162096 -4.74369 0.93623 0.674414 2.14173
926 0.729962 -2.18192 0.937253 0.676047 2.147
927 0.245576 -6.46622 0.938276 0.677685 2.15227
928 0.0462323 -5.80774 0.939298 0.679321 2.15754
929 0.539739 -2.38911 0.940321 0.680967 2.16284
930 1.44828 4.13581 0.941343 0.682618 2.16815
931 0.616215 2.86252 0.942365 0.684273 2.17347
932 0.89296 5.2032 0.943388 0.685932 2.1788
933 0.0854435 4.17342 0.94441 0.687595 2.18413
934 0.701185 6.3868 0.945432 0.689264 2.18949
935 1.16633 1.05374 0.946454 0.690932 2.19484
936 0.895921 -0.868423 0.947476 0.692608 2.20021
937 0.648829 -1.61689 0.948497 0.694289 2.20559
938 1.54061 -3.01016 0.949519 0.695974 2.21098
939 2.47015 2.03538 0.950541 0.697663 2.21638
940 2.15024 11.8967 0.951562 0.699356 2.2218
941 1.04844 4.54734 0.952584 0.701054 2.22722
942 0.221391 -1.21643 0.953605 0.702756 2.23265
943 0.152386 -1.54773 0.954627 0.704464 2.2381
944 -0.174321 -2.69905 0.955648 0.706171 2.24355
945 0.163378 -1.95149 0.956669 0.707886 2.24902
946 2.11428 4.60813 0.95769 0.709606 2.25449
947 2.20288 4.59181 0.958711 0.711329 2.25998
948 2.25619 1.3131 0.959732 0.713057 2.26547
949 2.51566 -2.85616 0.960753 0.714789 2.27098
950 1.91411 -3.71269 0.961774 0.716525 2.2765
