250 136.48 -0.0200179 0.231864 1.48582 0.447923
251 129.086 -0.922479 0.232925 1.47344 0.448528
252 121.215 -1.375 0.233985 1.46025 0.449104
253 119.232 -2.63147 0.235046 1.44622 0.449639
254 114.666 -0.412407 0.236107 1.43137 0.450133
255 106.999 0.405096 0.237167 1.41572 0.450585
256 94.6515 0.276514 0.238228 1.39929 0.450991
257 89.2546 -2.62905 0.239288 1.38216 0.451356
258 80.1752 -5.03631 0.240349 1.36434 0.451679
259 66.4361 -7.27486 0.241409 1.34586 0.451956
260 63.5346 -3.20172 0.242469 1.32674 0.452188
261 58.7493 -2.83962 0.243529 1.30706 0.452376
262 53.547 0.236075 0.24459 1.28683 0.45252
263 50.1546 -0.313457 0.24565 1.2661 0.452618
264 47.5224 -5.89335 0.24671 1.24495 0.452676
265 41.3917 -5.10728 0.24777 1.22334 0.452685
266 35.073 -4.34564 0.24883 1.20136 0.45265
267 31.844 -3.15755 0.24989 1.179 0.452568
268 28.7679 -4.03948 0.250949 1.15639 0.452445
269 28.3077 -3.78647 0.252009 1.13354 0.45228
270 26.7937 -3.18608 0.253069 1.11048 0.452073
271 24.3826 -0.685721 0.254129 1.08726 0.451824
272 22.3024 -3.91158 0.255188 1.06392 0.451535
273 19.8312 -7.18108 0.256248 1.04051 0.451207
274 16.3741 -9.34729 0.257307 1.01706 0.45084
275 13.6912 -7.10903 0.258367 0.993613 0.450437
276 14.2127 -5.18954 0.259426 0.970213 0.449999
277 12.1862 -5.04269 0.260485 0.946899 0.449527
278 9.40656 -1.98413 0.261545 0.923745 0.449031
279 8.03551 -1.70586 0.262604 0.900718 0.448497
280 6.38371 -1.48087 0.263663 0.878012 0.447948
281 5.69566 -2.94714 0.264722 0.855417 0.44736
282 7.20596 -5.5276 0.265781 0.833097 0.446749
283 5.3217 -7.13909 0.266841 0.811087 0.446118
284 1.96597 -4.61553 0.2679 0.791467 0.44606
285 1.7062 -5.37357 0.268958 0.768171 0.444816
286 0.780546 -8.026 0.270017 0.747384 0.444154
287 2.52294 -6.24613 0.271076 0.726926 0.443472
288 2.50112 -6.24939 0.272135 0.706965 0.442799
289 1.87527 -7.13223 0.273194 0.687497 0.442129
290 1.14763 -8.19327 0.274252 0.668554 0.441473
291 3.41674 -10.1286 0.275311 0.650154 0.440837
292 4.57036 -11.5319 0.27637 0.632307 0.440238
293 3.76596 -9.09587 0.277428 0.614994 0.439669
294 4.93377 -9.33791 0.278487 0.598246 0.439156
295 6.51878 -9.92169 0.279545 0.58208 0.438723
296 6.31025 -12.031 0.280604 0.566388 0.438371
297 6.44256 -11.3088 0.281662 0.55218 0.43835
298 8.81141 -8.44874 0.28272 0.536534 0.438004
299 10.9512 -6.41873 0.283779 0.522462 0.438005
300 13.8323 -1.98375 0.284837 0.509098 0.438115
301 15.543 -5.33865 0.285895 0.496801 0.43834
302 16.2511 -10.201 0.286953 0.48577 0.438627
303 17.962 -11.7348 0.288011 0.476308 0.438935
304 18.1324 -7.77115 0.289069 0.468626 0.439222
305 19.2645 -6.58109 0.290127 0.462889 0.439467
306 21.4576 -8.39568 0.291185 0.459103 0.43966
307 22.2201 -9.28488 0.292243 0.457141 0.439814
308 23.3432 -9.16676 0.293301 0.456752 0.439958
309 25.7264 -11.4134 0.294359 0.457626 0.440126
310 27.9963 -10.1893 0.295416 0.459447 0.440366
311 30.0698 -9.71901 0.296474 0.461953 0.440721
312 33.7631 -9.34694 0.297532 0.46481 0.441191
313 36.4583 -9.01556 0.298589 0.468634 0.44199
314 37.2707 -7.22033 0.299647 0.471098 0.442532
315 39.7643 -6.92864 0.300704 0.474324 0.443379
316 42.7472 -4.18318 0.301762 0.477615 0.444337
317 43.0024 -4.18585 0.302819 0.48093 0.445382
318 44.9059 -5.11959 0.303877 0.484262 0.446488
319 48.0185 -7.57354 0.304934 0.487603 0.447662
320 49.9383 -7.62338 0.305991 0.490921 0.448873
321 53.0586 -9.16541 0.307049 0.494208 0.450115
322 54.2346 -10.7573 0.308106 0.498453 0.451879
323 56.3868 -6.25904 0.309163 0.500597 0.45266
324 57.7128 -6.70143 0.31022 0.503634 0.453941
325 58.0655 -7.56911 0.311277 0.506558 0.455231
326 59.7536 -9.58728 0.312334 0.509331 0.456518
327 63.2645 -7.00687 0.313391 0.511932 0.457796
328 65.0927 -5.3989 0.314448 0.51434 0.459063
329 67.2658 -3.30485 0.315505 0.516537 0.460313
330 70.0353 -7.39108 0.316562 0.518474 0.461538
331 72.4759 -8.54791 0.317619 0.520209 0.462747
332 74.6831 -4.09478 0.318675 0.521728 0.463936
333 74.9586 -3.0664 0.319732 0.522949 0.465092
334 75.9506 -2.81122 0.320789 0.523893 0.466215
335 77.9903 -1.45845 0.321845 0.524568 0.467308
336 77.9564 -3.30726 0.322902 0.524959 0.468366
337 77.6906 -3.76168 0.323959 0.525064 0.469389
338 77.4414 -3.42503 0.325015 0.524881 0.470373
339 81.3482 -3.43527 0.326072 0.524417 0.471321
340 83.512 -2.89535 0.327128 0.523654 0.472227
341 81.9749 -3.43553 0.328184 0.522601 0.473091
342 80.0002 -3.80199 0.329241 0.521286 0.473934
343 80.9232 -2.22034 0.330297 0.519661 0.474713
344 82.6814 -0.431265 0.331353 0.517748 0.475445
345 83.038 -5.04332 0.332409 0.515565 0.476134
346 83.4298 -8.56556 0.333466 0.51311 0.476778
347 81.6698 -5.22931 0.334522 0.51039 0.477376
348 80.8482 -6.05697 0.335578 0.507411 0.477927
349 80.1012 -4.53427 0.336634 0.50418 0.478431
350 79.7622 -2.53691 0.33769 0.500705 0.478889
351 78.3948 -4.27036 0.338746 0.496983 0.479296
352 77.1677 -6.24836 0.339802 0.493044 0.479659
353 75.8111 -7.64829 0.340858 0.488898 0.479979
354 73.8287 -7.43663 0.341913 0.484531 0.480248
355 73.0771 -4.19265 0.342969 0.479966 0.48047
356 73.6308 -3.85419 0.344025 0.475211 0.480645
357 73.4142 -4.81523 0.345081 0.470276 0.480774
358 71.8746 -5.83786 0.346136 0.465173 0.480857
359 71.2028 -5.0943 0.347192 0.459911 0.480895
360 70.8284 -4.72313 0.348247 0.454503 0.480888
361 69.7478 -4.12785 0.349303 0.448954 0.480835
362 68.5349 -5.50812 0.350358 0.443284 0.48074
363 66.9987 -6.68324 0.351414 0.43751 0.480605
364 65.7267 -3.92177 0.352469 0.431624 0.480426
365 64.9506 -3.36348 0.353524 0.425646 0.480205
366 64.3398 -4.25954 0.35458 0.419589 0.479945
367 64.0677 -7.89462 0.355635 0.413455 0.479644
368 62.3028 -8.2671 0.35669 0.407274 0.479309
369 59.269 -3.77836 0.357745 0.401047 0.478937
370 57.7314 -1.67001 0.358801 0.39481 0.478538
371 57.8907 -1.11645 0.359856 0.388539 0.478103
372 57.5621 -5.20822 0.360911 0.382262 0.477638
373 57.1059 -9.61983 0.361966 0.375976 0.477127
374 55.7384 -7.71409 0.363021 0.369726 0.476611
375 54.8244 -8.28968 0.364076 0.36351 0.476074
376 52.3051 -6.36469 0.36513 0.35734 0.475518
377 49.9607 -9.7011 0.366185 0.351231 0.474947
378 48.6717 -6.12056 0.36724 0.345198 0.474366
379 48.3977 -4.26443 0.368295 0.339254 0.473779
380 46.7233 -5.92414 0.36935 0.333415 0.47319
381 46.2451 -4.64651 0.370404 0.327697 0.472606
382 45.0253 -7.27628 0.371459 0.322114 0.472031
383 44.5138 -8.78254 0.372513 0.316683 0.471473
384 43.5869 -9.8257 0.373568 0.311422 0.470938
385 42.4827 -7.48152 0.374622 0.306348 0.470434
386 41.5316 -5.00823 0.375677 0.301479 0.469969
387 40.8605 -6.01497 0.376731 0.296835 0.469551
388 40.3426 -4.96478 0.377786 0.292774 0.469519
389 38.339 -4.12014 0.37884 0.288306 0.468889
390 38.4373 -3.41302 0.379894 0.284467 0.468661
391 37.6261 -4.84084 0.380949 0.280943 0.46851
392 36.1676 -6.73105 0.382003 0.277755 0.468444
393 35.5493 -6.44773 0.383057 0.274926 0.468467
394 34.7829 -4.18441 0.384111 0.272472 0.468584
395 33.0991 -2.67197 0.385165 0.270406 0.468798
396 32.0319 -4.41064 0.386219 0.268735 0.469111
397 31.8091 -2.43771 0.387273 0.267459 0.469526
398 31.2687 -1.09954 0.388327 0.26657 0.470043
399 30.3138 -4.65475 0.389381 0.266053 0.470664
400 27.9535 -5.53493 0.390435 0.265885 0.471384
401 27.1521 -3.81537 0.391489 0.266044 0.472206
402 25.9348 -3.51024 0.392542 0.266496 0.473123
403 25.2148 -3.34805 0.393596 0.26721 0.474134
404 23.7303 -5.69924 0.39465 0.268401 0.475491
405 23.0972 -5.16494 0.395703 0.269292 0.476409
406 22.2504 -4.45775 0.396757 0.270595 0.47766
407 21.8236 -4.009 0.397811 0.272034 0.478976
408 20.8275 -1.15361 0.398864 0.273581 0.48035
409 19.0885 -1.31986 0.399918 0.275211 0.481772
410 17.7442 -2.64358 0.400971 0.276901 0.483234
411 17.1791 -2.93006 0.402024 0.278631 0.484729
412 15.8932 -4.10281 0.403078 0.280394 0.486266
413 14.6548 -6.11394 0.404131 0.282149 0.487803
414 13.9299 -5.5188 0.405184 0.283892 0.489351
415 12.6921 -4.30179 0.406238 0.28561 0.490904
416 11.9829 -4.84982 0.407291 0.287288 0.492455
417 11.5512 -3.55365 0.408344 0.2889 0.493981
418 11.0791 -5.66033 0.409397 0.290468 0.495516
419 10.2523 -4.89548 0.41045 0.291966 0.497037
420 9.42222 -2.96078 0.411503 0.29339 0.498541
421 7.82845 -3.3344 0.412556 0.294727 0.500023
422 7.5141 -4.94155 0.413609 0.295973 0.50148
423 7.54895 -5.26647 0.414662 0.297118 0.502908
424 7.2506 -2.5569 0.415715 0.298167 0.504308
425 5.78587 0.749327 0.416767 0.299112 0.505678
426 4.75655 0.422442 0.41782 0.300019 0.507052
427 4.17763 -8.24293 0.418873 0.300677 0.508316
428 4.10101 -8.53421 0.419925 0.301293 0.509581
429 4.47759 -6.45234 0.420978 0.301795 0.510808
430 4.14158 -4.50372 0.422031 0.302184 0.511997
431 3.33056 -5.62382 0.423083 0.302458 0.513146
432 2.11483 -10.2514 0.424136 0.302618 0.514255
433 1.46819 -10.6601 0.425188 0.302665 0.515324
434 2.10263 -6.32285 0.42624 0.302597 0.51635
435 2.73979 -5.41742 0.427293 0.302417 0.517334
436 2.82465 -4.89365 0.428345 0.302125 0.518275
437 2.35755 -6.19194 0.429397 0.301724 0.519173
438 1.83997 -2.67532 0.43045 0.301214 0.520028
439 0.677331 -4.19384 0.431502 0.300599 0.52084
440 -0.0297016 -8.25792 0.432554 0.299879 0.521608
441 0.955503 -9.67776 0.433606 0.299058 0.522333
442 1.57796 -8.65401 0.434658 0.298138 0.523014
443 1.33001 -8.19373 0.43571 0.297123 0.523653
444 2.18837 -5.53245 0.436762 0.296015 0.524249
445 2.87316 -4.98067 0.437814 0.294815 0.524801
446 2.63606 -4.24799 0.438866 0.293529 0.525311
447 2.13847 -5.8701 0.439918 0.292159 0.525779
448 2.20555 -7.4018 0.440969 0.29071 0.526207
449 2.68777 -9.27443 0.442021 0.289183 0.526592
450 3.42325 -7.74321 0.443073 0.287582 0.526937
451 3.9465 -7.92443 0.444124 0.285912 0.527242
452 4.24016 -7.07743 0.445176 0.284176 0.527509
453 4.64668 -7.13157 0.446227 0.282378 0.527737
454 5.22317 -4.37189 0.447279 0.280523 0.527927
455 5.68665 -4.99302 0.44833 0.278613 0.528081
456 6.12554 -7.96652 0.449382 0.276654 0.5282
457 5.94302 -10.0565 0.450433 0.274649 0.528285
458 6.24254 -11.9447 0.451485 0.272604 0.528337
459 6.99759 -12.0665 0.452536 0.270523 0.528358
460 7.87422 -11.117 0.453587 0.26841 0.528349
461 8.25555 -9.88255 0.454638 0.26627 0.528311
462 8.17125 -10.7621 0.455689 0.264108 0.528248
463 8.40082 -11.3614 0.456741 0.261929 0.52816
464 9.11661 -9.24793 0.457792 0.259738 0.52805
465 9.50394 -10.4642 0.458843 0.257541 0.52792
466 9.77552 -12.8584 0.459894 0.255344 0.527774
467 10.4706 -11.7714 0.460944 0.253152 0.527613
468 11.6443 -10.5159 0.461995 0.250971 0.527441
469 12.1321 -7.82076 0.463046 0.248851 0.527294
470 12.4262 -6.572 0.464097 0.246669 0.52708
471 12.9883 -7.34375 0.465148 0.244561 0.526898
472 13.9043 -6.09054 0.466198 0.242495 0.526723
473 13.4945 -6.72265 0.467249 0.240471 0.526556
474 13.1938 -9.55762 0.4683 0.238501 0.526403
475 14.9924 -10.9936 0.46935 0.236592 0.526271
476 15.5639 -9.81971 0.470401 0.234752 0.526165
477 15.4341 -7.48057 0.471451 0.23299 0.526091
478 15.5013 -7.67714 0.472502 0.231315 0.526056
479 16.2382 -7.91038 0.473552 0.229735 0.526066
480 17.9394 -8.11447 0.474602 0.228257 0.526127
481 18.7083 -8.86912 0.475653 0.22689 0.526247
482 18.5176 -7.84556 0.476703 0.22564 0.526429
483 18.7127 -9.23998 0.477753 0.224515 0.526681
484 19.8874 -9.46839 0.478803 0.223519 0.527008
485 20.4134 -9.70622 0.479853 0.222658 0.527415
486 21.3531 -6.15741 0.480903 0.221935 0.527905
487 22.5296 -4.27702 0.481953 0.221352 0.528481
488 23.3602 -5.29117 0.483003 0.22091 0.529146
489 23.6813 -5.73468 0.484053 0.220606 0.529901
490 23.8078 -6.59775 0.485103 0.22044 0.530745
491 24.302 -2.63389 0.486153 0.220406 0.531679
492 25.4384 -1.75515 0.487203 0.2205 0.532699
493 26.1616 -5.14557 0.488252 0.220713 0.533803
494 26.725 -5.70107 0.489302 0.221039 0.534987
495 27.3939 -2.99429 0.490352 0.221468 0.536246
496 27.8361 -0.674249 0.491401 0.221991 0.537575
497 27.9308 -3.48592 0.492451 0.222598 0.538969
498 28.2111 -3.04927 0.4935 0.223278 0.540421
499 28.0178 -1.91885 0.49455 0.224022 0.541924
500 28.1213 -1.42046 0.495599 0.224819 0.543473
501 28.9721 -4.76312 0.496648 0.22566 0.54506
502 29.224 -3.74186 0.497698 0.226534 0.54668
503 29.3477 -1.61763 0.498747 0.227455 0.548346
504 29.8807 -2.67301 0.499796 0.228345 0.549989
505 30.2892 -0.93802 0.500845 0.229269 0.551668
506 30.5122 -0.529255 0.501895 0.230193 0.553358
507 30.7588 -2.33444 0.502944 0.231113 0.555051
508 31.2878 -1.25714 0.503993 0.232021 0.556745
509 30.957 -2.47674 0.505042 0.232913 0.558434
510 31.0489 -0.40773 0.50609 0.233783 0.560116
511 31.1351 2.08614 0.507139 0.234627 0.561778
512 31.3481 2.5503 0.508188 0.235442 0.563434
513 30.7653 1.61241 0.509237 0.236224 0.565073
514 30.6198 -1.13192 0.510286 0.23697 0.566693
515 30.5873 -5.24839 0.511334 0.237678 0.568292
516 30.8712 -4.06895 0.512383 0.238346 0.569867
517 31.1512 0.673236 0.513432 0.238972 0.571418
518 30.7291 1.23202 0.51448 0.239555 0.572942
519 30.5847 0.734904 0.515529 0.240093 0.574439
520 30.6567 -1.03827 0.516577 0.240585 0.575907
521 30.363 2.23943 0.517625 0.241031 0.577346
522 29.5429 3.97563 0.518674 0.241431 0.578755
523 28.8927 -0.0546632 0.519722 0.241784 0.580132
524 28.7524 2.20462 0.52077 0.242089 0.581478
525 28.2225 0.848689 0.521819 0.242348 0.582793
526 27.986 3.29414 0.522867 0.24256 0.584075
527 27.3566 0.557719 0.523915 0.242726 0.585325
528 26.3694 -2.15637 0.524963 0.242845 0.586542
529 25.7614 -3.28883 0.526011 0.24292 0.587726
530 26.1028 -0.332282 0.527059 0.24295 0.588879
531 26.2626 -0.904194 0.528107 0.242935 0.589998
532 25.1076 0.207358 0.529155 0.242878 0.591086
533 24.3621 0.697011 0.530202 0.242779 0.592141
534 24.3606 3.6131 0.53125 0.242639 0.593164
535 24.0284 0.847756 0.532298 0.242464 0.594173
536 23.4023 -2.81643 0.533345 0.242246 0.595134
537 23.0092 -1.45686 0.534393 0.24199 0.596065
538 22.8786 3.43499 0.535441 0.241698 0.596966
539 22.4745 0.117191 0.536488 0.241372 0.597837
540 21.1998 -3.86711 0.537536 0.241012 0.598679
541 20.0577 -2.0999 0.538583 0.24062 0.599493
542 20.139 -0.716547 0.53963 0.240198 0.600279
543 20.3702 -0.27727 0.540678 0.239747 0.60104
544 19.707 -1.85813 0.541725 0.239269 0.601774
545 18.9852 -1.58251 0.542772 0.238766 0.602483
546 18.1002 -3.42783 0.543819 0.238238 0.603168
547 18.114 -1.36298 0.544866 0.237689 0.603831
548 18.4837 -0.896079 0.545913 0.23712 0.604472
549 17.2517 -1.04802 0.54696 0.236532 0.605092
550 16.5051 -1.09988 0.548007 0.235929 0.605693
551 15.7318 -1.95658 0.549054 0.23531 0.606277
552 14.9316 -3.55956 0.550101 0.234679 0.606844
553 14.8412 -4.83482 0.551148 0.234039 0.607397
554 14.4388 -3.72269 0.552195 0.23339 0.607937
555 13.9607 -3.86879 0.553241 0.232736 0.608466
556 13.5116 -3.22802 0.554288 0.232079 0.608986
557 13.4813 -0.322253 0.555335 0.23142 0.609498
558 13.49 -0.749932 0.556381 0.230763 0.610006
559 12.9031 -2.45821 0.557428 0.23011 0.610511
560 12.2323 -5.20569 0.558474 0.229464 0.611016
561 11.9084 -3.33928 0.55952 0.228827 0.611524
562 11.5108 -1.45413 0.560567 0.228201 0.612036
563 10.6493 -4.4984 0.561613 0.227591 0.612557
564 10.6041 -5.57766 0.562659 0.226998 0.613089
565 10.4809 -0.551628 0.563706 0.226426 0.613635
566 10.7235 2.76119 0.564752 0.225877 0.614198
567 10.4209 2.94317 0.565798 0.225355 0.614782
568 9.81796 3.03485 0.566844 0.224862 0.61539
569 9.13448 1.93477 0.56789 0.224401 0.616026
570 8.86354 -0.324751 0.568936 0.223975 0.616693
571 8.61224 0.32828 0.569982 0.223587 0.617393
572 8.04425 -0.333536 0.571027 0.223238 0.618131
573 8.12056 1.11372 0.572073 0.222932 0.61891
574 7.35295 -1.48559 0.573119 0.222671 0.619732
575 6.52472 -4.06418 0.574165 0.222455 0.620601
576 6.41123 -0.121501 0.57521 0.222288 0.621518
577 6.28259 1.70524 0.576256 0.222169 0.622485
578 6.18887 1.43635 0.577301 0.2221 0.623505
579 6.35687 3.47886 0.578347 0.222081 0.624577
580 5.71359 5.0748 0.579392 0.222112 0.625704
581 5.6905 3.13227 0.580438 0.222193 0.626886
582 5.34687 -0.70431 0.581483 0.222322 0.628121
583 4.66669 -2.85297 0.582528 0.222499 0.62941
584 4.33346 -4.3598 0.583573 0.222721 0.630751
585 4.25765 -3.88368 0.584618 0.222988 0.632143
586 4.04298 -0.749183 0.585663 0.223296 0.633583
587 4.11538 0.228443 0.586709 0.223642 0.63507
588 4.16233 2.94646 0.587754 0.224024 0.6366
589 3.61937 1.5146 0.588798 0.224439 0.638171
590 3.03428 0.258024 0.589843 0.224884 0.639779
591 3.24568 2.65271 0.590888 0.225355 0.641422
592 3.31997 0.74385 0.591933 0.22585 0.643095
593 3.11173 -0.717146 0.592978 0.226364 0.644795
594 2.69375 2.01935 0.594022 0.226895 0.646519
595 2.2292 -0.944651 0.595067 0.22744 0.648263
596 1.91266 -1.63006 0.596111 0.227996 0.650025
597 1.46256 -0.888047 0.597156 0.228559 0.6518
598 0.969425 -3.31929 0.5982 0.229127 0.653586
599 1.15303 -3.86465 0.599245 0.229697 0.65538
600 1.27254 -3.2818 0.600289 0.230268 0.657178
601 1.45645 0.520413 0.601333 0.230836 0.658979
602 1.20153 -0.560243 0.602378 0.2314 0.660781
603 1.34878 -2.37758 0.603422 0.231958 0.66258
604 1.21263 -2.74787 0.604466 0.232509 0.664375
605 1.0184 -2.17238 0.60551 0.23305 0.666164
606 1.05336 -6.23358 0.606554 0.23358 0.667945
607 1.04936 -2.36535 0.607598 0.234099 0.669718
608 1.12451 -2.34044 0.608642 0.234605 0.67148
609 1.02752 3.05527 0.609686 0.235098 0.67323
610 0.354748 0.2606 0.61073 0.235576 0.674967
611 0.624286 -2.26155 0.611773 0.236039 0.676691
612 0.556044 -6.53032 0.612817 0.23649 0.678399
613 -0.0578592 -4.17493 0.613861 0.236921 0.680093
614 -0.122371 -2.70179 0.614904 0.237337 0.681772
615 0.0952823 -2.30798 0.615948 0.237735 0.683434
616 0.482844 -2.77068 0.616991 0.238118 0.685081
617 0.970141 0.371383 0.618035 0.238483 0.68671
618 1.03941 1.23516 0.619078 0.238832 0.688323
619 0.477018 0.0548653 0.620121 0.239163 0.689919
620 0.54704 0.632635 0.621164 0.239479 0.691497
621 0.250415 -1.89898 0.622208 0.239778 0.693059
622 -0.43572 0.533739 0.623251 0.240061 0.694603
623 0.156908 0.471395 0.624294 0.240328 0.696131
624 0.0871523 -1.17686 0.625337 0.240579 0.697641
625 0.222723 0.208907 0.62638 0.240815 0.699136
626 0.661182 -0.253758 0.627423 0.241037 0.700614
627 0.476331 1.98711 0.628466 0.241244 0.702076
628 -0.0587831 0.831677 0.629508 0.241437 0.703523
629 0.00436776 0.136009 0.630551 0.241617 0.704955
630 0.0209108 -2.47579 0.631594 0.241785 0.706372
631 -0.17864 -2.46741 0.632636 0.241939 0.707775
632 0.0948926 -0.995334 0.633679 0.242083 0.709164
633 0.0548367 1.75242 0.634722 0.242215 0.710541
634 0.0704209 4.11862 0.635764 0.242337 0.711904
635 0.408631 3.79228 0.636806 0.242449 0.713257
636 0.333529 1.58254 0.637849 0.242552 0.714598
637 0.469967 1.29259 0.638891 0.242647 0.715929
638 0.911296 1.41421 0.639933 0.242735 0.717268
639 0.932633 2.10883 0.640975 0.242816 0.718582
640 1.24075 1.80571 0.642018 0.242891 0.719888
641 1.03102 -0.834085 0.64306 0.24296 0.721187
642 0.364208 -3.04831 0.644102 0.243025 0.722485
643 0.384613 -1.77222 0.645144 0.243086 0.723773
644 0.663387 1.57418 0.646185 0.243144 0.725057
645 0.845651 3.59607 0.647227 0.2432 0.726339
646 0.885141 0.282667 0.648269 0.243256 0.727619
647 0.733814 -3.15019 0.649311 0.243311 0.728898
648 0.269141 -4.97146 0.650352 0.243367 0.730178
649 0.372954 -1.95167 0.651394 0.243424 0.731459
650 0.709302 0.273132 0.652436 0.243484 0.732744
651 0.849073 3.89395 0.653477 0.243548 0.734033
652 1.35552 4.07971 0.654518 0.243616 0.735328
653 0.960981 3.04161 0.65556 0.243689 0.736629
654 0.762261 3.66983 0.656601 0.243769 0.737939
655 0.64594 1.06934 0.657642 0.243855 0.739259
656 0.615265 -1.90252 0.658684 0.24395 0.740589
657 0.476455 -4.31597 0.659725 0.244054 0.741932
658 0.652795 -3.44342 0.660766 0.244167 0.743289
659 1.03658 -4.05221 0.661807 0.244292 0.744661
660 1.15986 -0.713361 0.662848 0.244427 0.74605
661 0.844077 1.272 0.663889 0.244576 0.747456
662 0.839019 -0.485199 0.66493 0.244737 0.748882
663 1.26382 1.79656 0.66597 0.244912 0.750328
664 1.06893 0.835997 0.667011 0.245101 0.751795
665 0.6295 -1.0974 0.668052 0.245305 0.753285
666 0.45289 -1.6117 0.669092 0.245525 0.754798
667 0.381868 -1.88829 0.670133 0.24576 0.756335
668 0.677277 -0.234577 0.671173 0.246012 0.757897
669 1.00095 0.149719 0.672214 0.246279 0.759485
670 0.745146 -0.403658 0.673254 0.246564 0.761099
671 0.563571 -1.9965 0.674294 0.246865 0.762739
672 0.651216 -0.938346 0.675335 0.247182 0.764406
673 0.859863 -1.04944 0.676375 0.247516 0.766099
674 0.780626 -4.0765 0.677415 0.246944 0.765644
675 0.543475 -3.41051 0.678455 0.247295 0.767354
676 0.469433 -1.39057 0.679495 0.247662 0.76909
677 0.409331 0.186888 0.680535 0.248043 0.770849
678 1.02741 0.20415 0.681575 0.248439 0.772632
679 1.3127 0.568559 0.682615 0.248847 0.774438
680 1.40867 3.2849 0.683655 0.249269 0.776265
681 1.29271 2.86161 0.684694 0.249702 0.778114
682 0.895885 -0.29705 0.685734 0.250146 0.779981
683 0.640279 -1.69189 0.686774 0.2506 0.781867
684 0.967224 2.00355 0.687813 0.252135 0.786324
685 0.556411 1.07888 0.688853 0.252623 0.788284
686 0.606996 1.52231 0.689892 0.253119 0.79026
687 0.791799 2.50111 0.690931 0.253622 0.792249
688 0.206064 1.8752 0.691971 0.254131 0.794252
689 0.381072 2.71962 0.69301 0.254645 0.796265
690 0.83641 1.5791 0.694049 0.255163 0.798288
691 1.01551 -0.391557 0.695088 0.255685 0.80032
692 0.625748 0.407714 0.696127 0.25621 0.80236
693 0.556771 1.33478 0.697166 0.256737 0.804406
694 0.706711 -0.567249 0.698205 0.257265 0.806458
695 0.222742 -4.27008 0.699244 0.257793 0.808513
696 -0.0606309 -4.55651 0.700283 0.258322 0.810573
697 -0.199846 -2.16478 0.701321 0.258851 0.812635
698 -0.220723 -4.69861 0.70236 0.259378 0.814698
699 0.535519 -2.21082 0.703399 0.259905 0.816762
700 0.836436 -1.33099 0.704437 0.260429 0.818827
701 1.44545 -1.56055 0.705476 0.260952 0.820891
702 0.884955 1.20855 0.706514 0.261472 0.822954
703 -0.188571 -0.242639 0.707553 0.261989 0.825016
704 -0.274149 -1.04041 0.708591 0.262503 0.827076
705 0.0663731 0.805021 0.709629 0.263014 0.829133
706 0.166944 -1.1966 0.710667 0.263522 0.831188
707 0.147345 -1.79971 0.711705 0.264026 0.83324
708 0.629374 -2.44773 0.712744 0.264526 0.835288
709 0.86486 -1.1579 0.713782 0.265023 0.837333
710 0.503968 -0.370956 0.714819 0.265516 0.839375
711 0.635842 -2.42781 0.715857 0.266005 0.841413
712 -0.137882 -3.99018 0.716895 0.266491 0.843447
713 0.011944 -1.37509 0.717933 0.266972 0.845478
714 0.788357 -1.6416 0.718971 0.26745 0.847505
715 1.61179 5.35398 0.720008 0.267924 0.849528
716 1.41158 6.18039 0.721046 0.268395 0.851548
717 1.11496 4.63038 0.722083 0.268862 0.853564
718 0.225419 5.26972 0.723121 0.269326 0.855578
719 0.220251 4.52091 0.724158 0.269787 0.857587
720 0.324373 3.69925 0.725195 0.270244 0.859594
721 0.47837 2.86818 0.726233 0.270699 0.861598
722 0.918964 3.23188 0.72727 0.271151 0.863599
723 0.529903 1.79584 0.728307 0.2716 0.865599
724 0.0174179 2.22731 0.729344 0.272047 0.867596
725 0.191372 2.70432 0.730381 0.272492 0.869592
726 0.052234 -1.99839 0.731418 0.272936 0.871587
727 -0.0624093 -3.47432 0.732455 0.273377 0.873581
728 -0.737571 -4.72631 0.733492 0.273817 0.875574
729 -0.794712 -4.17099 0.734528 0.274256 0.877567
730 -0.667374 -1.99528 0.735565 0.274694 0.87956
731 -0.0342059 -2.01674 0.736602 0.275132 0.881554
732 0.691668 -0.725883 0.737638 0.275569 0.883549
733 0.937953 1.10966 0.738675 0.276006 0.885545
734 1.02372 2.28573 0.739711 0.276443 0.887543
735 0.643288 -0.523918 0.740747 0.276881 0.889544
736 0.203517 -0.648182 0.741784 0.277319 0.891548
737 0.125299 -0.310854 0.74282 0.277759 0.893554
738 -0.791187 -3.97363 0.743856 0.278199 0.895565
739 -0.0181334 -2.50629 0.744892 0.278642 0.89758
740 0.0625584 -3.02337 0.745928 0.279086 0.8996
741 -0.361438 -4.37482 0.746964 0.279532 0.901625
742 -0.50024 -4.24936 0.748 0.279981 0.903656
743 -0.284701 -2.30355 0.749036 0.280432 0.905693
744 -0.137569 -3.26245 0.750072 0.280886 0.907737
745 0.302071 -2.82272 0.751107 0.281344 0.909788
746 0.203176 -0.131028 0.752143 0.281805 0.911846
747 0.445027 -0.0129453 0.753179 0.282269 0.913913
748 0.431473 -0.187531 0.754214 0.282738 0.915989
749 0.0598928 -0.42314 0.755249 0.283211 0.918074
750 -0.282999 -1.65247 0.756285 0.283688 0.920168
751 -0.682476 -2.99851 0.75732 0.28417 0.922273
752 -0.622332 -1.72137 0.758355 0.284657 0.924387
753 -0.479012 1.02933 0.759391 0.285149 0.926513
754 -0.252091 0.354515 0.760426 0.285646 0.92865
755 0.201334 2.60965 0.761461 0.286148 0.930798
756 0.436641 2.4993 0.762496 0.286655 0.932958
757 0.322992 5.6377 0.763531 0.287169 0.93513
758 0.578624 5.84918 0.764566 0.287688 0.937314
759 0.211911 2.50261 0.7656 0.288213 0.93951
760 0.261567 1.03931 0.766635 0.288743 0.941719
761 0.577811 0.623467 0.76767 0.28928 0.943941
762 0.658419 1.64055 0.768704 0.289822 0.946176
763 0.682888 0.912408 0.769739 0.29037 0.948424
764 0.625806 -0.537339 0.770773 0.290924 0.950684
765 0.282846 -3.31953 0.771808 0.291484 0.952958
766 0.975758 -0.517848 0.772842 0.29205 0.955244
767 0.652427 2.06502 0.773876 0.292622 0.957544
768 -0.127081 1.30779 0.77491 0.293199 0.959855
769 0.145585 1.59632 0.775945 0.293781 0.96218
770 0.544651 1.21074 0.776979 0.294369 0.964516
771 0.57187 -0.0611527 0.778013 0.294963 0.966865
772 0.803373 0.731595 0.779046 0.295561 0.969225
773 0.755303 2.01488 0.78008 0.296164 0.971597
774 0.707104 1.79201 0.781114 0.296772 0.97398
775 1.63981 1.60091 0.782148 0.297385 0.976374
776 1.8965 -0.276693 0.783181 0.298002 0.978779
777 1.55889 -3.54871 0.784215 0.298623 0.981194
778 0.451493 -3.54534 0.785249 0.299248 0.983618
779 0.833548 3.3102 0.786282 0.299877 0.986052
780 1.04035 4.25367 0.787315 0.30051 0.988495
781 0.919914 0.951775 0.788349 0.301146 0.990947
782 1.16674 0.116643 0.789382 0.301785 0.993407
783 1.35104 -0.606418 0.790415 0.301384 0.991526
784 0.539574 -1.76269 0.791448 0.302015 0.993945
785 0.0114147 -2.21645 0.792481 0.302648 0.996372
786 0.263472 -4.24193 0.793514 0.303283 0.998805
787 0.725477 -2.67911 0.794547 0.303921 1.00124
788 0.854911 1.67108 0.79558 0.304561 1.00369
789 1.21991 3.5957 0.796613 0.305202 1.00614
790 0.245401 -0.882113 0.797645 0.305846 1.0086
791 -0.0692686 -0.866339 0.798678 0.306491 1.01106
792 -0.226626 -1.52836 0.799711 0.308313 1.01839
793 -0.232631 -3.97469 0.800743 0.308976 1.02092
794 -0.0127937 -3.61201 0.801776 0.30964 1.02346
795 0.617578 0.483167 0.802808 0.310306 1.02599
796 0.760223 1.56718 0.80384 0.310973 1.02854
797 0.891587 1.00814 0.804872 0.311641 1.03109
798 0.576092 2.47828 0.805905 0.31231 1.03364
799 0.46493 1.60877 0.806937 0.31298 1.03619
800 0.703753 3.4775 0.807969 0.313651 1.03875
801 0.426346 0.483443 0.809001 0.314323 1.04132
802 0.547383 -0.197164 0.810032 0.314995 1.04388
803 0.734737 -1.64604 0.811064 0.315669 1.04645
804 0.82002 -0.711563 0.812096 0.316343 1.04903
805 0.841888 0.444586 0.813128 0.317019 1.05161
806 0.483633 -3.6321 0.814159 0.317695 1.05419
807 0.531439 -4.32373 0.815191 0.318371 1.05677
808 0.388358 -3.40638 0.816222 0.319049 1.05936
809 0.951247 1.47729 0.817254 0.319728 1.06195
810 1.05382 0.0912374 0.818285 0.320407 1.06455
811 1.13924 1.39825 0.819316 0.321088 1.06715
812 1.97211 6.79425 0.820347 0.321769 1.06975
813 2.66866 8.06621 0.821378 0.322451 1.07236
814 1.6846 2.61186 0.822409 0.323135 1.07497
815 1.31955 0.814886 0.82344 0.323819 1.07758
816 1.19358 3.93507 0.824471 0.324505 1.0802
817 0.775032 2.79838 0.825502 0.325192 1.08282
818 0.29737 1.12417 0.826533 0.32588 1.08545
819 0.589162 1.55007 0.827563 0.326569 1.08808
820 0.450954 2.02584 0.828594 0.32726 1.09072
821 0.0774167 3.88945 0.829625 0.327953 1.09336
822 0.125468 3.72153 0.830655 0.328646 1.096
823 -0.213996 -0.398949 0.831685 0.329342 1.09865
824 -0.216848 2.66434 0.832716 0.330039 1.10131
825 0.738025 5.79266 0.833746 0.330738 1.10397
826 0.971653 7.85297 0.834776 0.331438 1.10663
827 0.289679 5.05111 0.835806 0.332141 1.1093
828 -0.269719 1.63519 0.836836 0.332845 1.11198
829 -0.345069 2.55671 0.837866 0.333552 1.11466
830 -0.448874 -1.05053 0.838896 0.33426 1.11735
831 -0.403347 -1.38357 0.839926 0.334971 1.12004
832 -0.290252 1.8168 0.840956 0.335684 1.12275
833 -0.169979 2.19357 0.841985 0.336399 1.12545
834 -0.263582 -0.784462 0.843015 0.337117 1.12817
835 -0.134061 -1.28754 0.844045 0.337837 1.13089
836 0.304119 0.305403 0.845074 0.33856 1.13361
837 0.125961 -2.90295 0.846103 0.339285 1.13635
838 -0.160486 -3.2807 0.847133 0.340012 1.13909
839 -0.181601 -3.98711 0.848162 0.340743 1.14183
840 -0.487297 -5.3335 0.849191 0.341476 1.14459
841 0.226312 -3.67337 0.85022 0.342212 1.14735
842 0.415431 -0.672833 0.851249 0.342951 1.15012
843 0.0473418 0.137861 0.852278 0.343692 1.1529
844 0.0095208 0.144385 0.853307 0.344438 1.15568
845 0.310405 -1.38629 0.854336 0.345185 1.15848
846 0.474757 -1.68077 0.855365 0.345936 1.16128
847 0.251946 1.17263 0.856393 0.346689 1.16409
848 0.09641 2.77732 0.857422 0.347446 1.1669
849 -0.501918 -1.74363 0.85845 0.348206 1.16973
850 -0.520699 -5.28648 0.859479 0.348969 1.17256
851 -0.895081 -6.2578 0.860507 0.349735 1.1754
852 0.013884 -3.13126 0.861536 0.350504 1.17825
853 -0.0130517 0.708513 0.862564 0.351276 1.18111
854 0.0384542 3.12272 0.863592 0.352052 1.18397
855 0.626764 2.90453 0.86462 0.35283 1.18685
856 0.270603 2.53893 0.865648 0.353612 1.18973
857 0.0522249 1.65549 0.866676 0.354397 1.19262
858 -0.10469 -0.291958 0.867704 0.355185 1.19552
859 0.259749 -0.224941 0.868732 0.355976 1.19843
860 0.689773 3.59714 0.869759 0.356771 1.20134
861 -0.314013 -0.531997 0.870787 0.357735 1.20488
862 -0.816851 -3.28201 0.871814 0.358535 1.20781
863 -0.229791 -0.979417 0.872842 0.359337 1.21075
864 -0.886359 -1.67922 0.873869 0.360143 1.21369
865 -1.28465 -2.59558 0.874897 0.360952 1.21664
866 -0.706618 -0.622348 0.875924 0.361764 1.21961
867 -0.356218 -2.48499 0.876951 0.362578 1.22257
868 0.256082 1.67347 0.877978 0.363396 1.22555
869 0.899802 7.15459 0.879005 0.364057 1.22794
870 0.679407 5.74309 0.880032 0.364882 1.23094
871 0.55824 4.52198 0.881059 0.365709 1.23394
872 0.465058 2.09253 0.882086 0.366539 1.23695
873 -0.588239 -2.12954 0.883113 0.367371 1.23997
874 -1.0256 -6.08615 0.884139 0.368207 1.24299
875 -0.887714 -6.39435 0.885166 0.369045 1.24602
876 0.401489 -7.38745 0.886193 0.369886 1.24906
877 0.0563006 -4.62492 0.887219 0.370729 1.25211
878 -0.600195 -3.03033 0.888245 0.371575 1.25516
879 -0.347958 1.47905 0.889272 0.372424 1.25822
880 0.839893 0.407495 0.890298 0.373274 1.26129
881 0.292497 -3.45452 0.891324 0.374128 1.26436
882 -0.778599 -6.54519 0.89235 0.374983 1.26744
883 -0.295952 -4.5757 0.893376 0.375842 1.27053
884 -0.281978 -2.89642 0.894402 0.376702 1.27362
885 0.74195 0.335812 0.895428 0.377565 1.27672
886 0.820005 -2.01175 0.896454 0.37843 1.27983
887 0.426494 -6.83581 0.897479 0.379298 1.28294
888 -0.192706 -4.75384 0.898505 0.380167 1.28606
889 0.191347 -2.46814 0.89953 0.38104 1.28919
890 1.17989 -1.35296 0.900556 0.381914 1.29232
891 0.73809 0.24968 0.901581 0.382791 1.29545
892 0.205062 -2.12885 0.902607 0.383669 1.2986
893 -0.598897 -4.59138 0.903632 0.38455 1.30175
894 -0.329078 0.232361 0.904657 0.385434 1.30491
895 0.316527 1.77274 0.905682 0.386319 1.30807
896 0.183319 -1.27237 0.906707 0.387207 1.31124
897 -0.0490906 -2.43124 0.907732 0.388097 1.31441
898 0.665708 -1.57585 0.908757 0.388989 1.31759
899 0.377247 -0.546728 0.909782 0.389883 1.32078
900 0.510727 -0.604138 0.910806 0.39078 1.32397
