240 0.0192318 -11.0584 0.221252 0.000179412 0.483913
241 0.0183544 -1.53152 0.222314 0.000173404 0.469634
242 0.0173381 -1.78452 0.223375 0.000170574 0.470125
243 0.0166602 -4.72656 0.224436 0.00016916 0.474579
244 0.0156825 -5.68846 0.225498 0.000166421 0.476115
245 0.0147717 -3.41753 0.226559 0.000162347 0.472205
246 0.0135944 -2.28893 0.22762 0.000158123 0.469542
247 0.0126815 -3.11278 0.228681 0.00015533 0.470531
248 0.0120194 -1.58323 0.229742 0.00015231 0.468635
249 0.0111825 -0.491854 0.230803 0.00014854 0.466887
250 0.0105085 -0.462102 0.231864 0.000145287 0.466644
251 0.00988658 -1.3997 0.232925 0.000142943 0.46761
252 0.00924418 -1.89775 0.233985 0.000140273 0.467934
253 0.00906634 -3.17525 0.235046 0.000138867 0.469882
254 0.00874762 -0.892551 0.236107 0.000135616 0.466824
255 0.00814167 -0.0681513 0.237167 0.000132373 0.465025
256 0.00719897 -0.136642 0.238228 0.000128402 0.463796
257 0.00674726 -3.06952 0.239288 0.000126916 0.467836
258 0.00603241 -5.43499 0.240349 0.000124492 0.47126
259 0.00500282 -7.57774 0.241409 0.000120614 0.472777
260 0.0047819 -3.49271 0.242469 0.000116884 0.465764
261 0.00444353 -3.07045 0.243529 0.000113707 0.464005
262 0.00405659 0.0278189 0.24459 0.000109824 0.459835
263 0.00377749 -0.545533 0.24565 0.000107706 0.460352
264 0.00355593 -6.13974 0.24671 0.000107331 0.468394
265 0.00310796 -5.27623 0.24777 0.000103807 0.465542
266 0.00263732 -4.43446 0.24883 0.000100361 0.463142
267 0.00238746 -3.25134 0.24989 9.74907e-05 0.461198
268 0.00214278 -4.18545 0.250949 9.53906e-05 0.461648
269 0.00211496 -3.95108 0.252009 9.33383e-05 0.46083
270 0.00201002 -3.31521 0.253069 9.07693e-05 0.458935
271 0.00183017 -0.783888 0.254129 8.77549e-05 0.455707
272 0.00167615 -3.96906 0.255188 8.61466e-05 0.458915
273 0.00148691 -7.22475 0.256248 8.45155e-05 0.462638
274 0.00122919 -9.37559 0.257307 8.25948e-05 0.465289
275 0.00102996 -7.12516 0.258367 7.96324e-05 0.46083
276 0.00106517 -5.22551 0.259426 7.76746e-05 0.458254
277 0.000912094 -5.071 0.260485 7.55338e-05 0.457095
278 0.000703545 -1.99555 0.261545 7.23195e-05 0.451892
279 0.000598885 -1.71224 0.262604 7.01213e-05 0.451241
280 0.000470556 -1.50202 0.263663 6.79161e-05 0.44971
281 0.000416365 -2.96135 0.264722 6.62899e-05 0.449695
282 0.000533299 -5.53891 0.265781 6.55342e-05 0.453214
283 0.000399754 -7.11088 0.266841 6.37285e-05 0.454475
284 0.000148352 -4.5685 0.2679 6.08616e-05 0.449715
285 0.000126677 -5.33203 0.268958 5.9684e-05 0.450485
286 6.16308e-05 -7.95687 0.270017 5.84152e-05 0.453547
287 0.000191019 -6.20694 0.271076 5.69543e-05 0.450405
288 0.000190171 -6.19591 0.272135 5.5404e-05 0.449489
289 0.000138108 -7.05882 0.273194 5.38476e-05 0.449598
290 8.91478e-05 -8.10945 0.274252 5.27602e-05 0.451051
291 0.000260923 -10.09 0.275311 5.26519e-05 0.455065
292 0.000351274 -11.5176 0.27637 5.19513e-05 0.457179
293 0.000290752 -9.05152 0.277428 5.00331e-05 0.45213
294 0.000382959 -9.31233 0.278487 4.92673e-05 0.452502
295 0.00050942 -9.92305 0.279545 4.88204e-05 0.453941
296 0.000499897 -11.9855 0.280604 4.79992e-05 0.456465
297 0.000513276 -11.2608 0.281662 4.69521e-05 0.454941
298 0.000707534 -8.41904 0.28272 4.63707e-05 0.451341
299 0.000891117 -6.37032 0.283779 4.58381e-05 0.448833
300 0.00113344 -2.02116 0.284837 4.54309e-05 0.44498
301 0.00129024 -5.33028 0.285895 4.57467e-05 0.449778
302 0.00137045 -10.1419 0.286953 4.6076e-05 0.457275
303 0.00152148 -11.7964 0.288011 4.64409e-05 0.461371
304 0.00154555 -7.82222 0.289069 4.57061e-05 0.455914
305 0.00164813 -6.65956 0.290127 4.56861e-05 0.455872
306 0.00184066 -8.50304 0.291185 4.63187e-05 0.459913
307 0.00190814 -9.38034 0.292243 4.64909e-05 0.462339
308 0.00201138 -9.18331 0.293301 4.66248e-05 0.463095
309 0.00221217 -11.3595 0.294359 4.74509e-05 0.468518
310 0.00239402 -10.1274 0.295416 4.78345e-05 0.468567
311 0.00256596 -9.5895 0.296474 4.82163e-05 0.46937
312 0.00285644 -9.2647 0.297532 4.90832e-05 0.471709
313 0.00304921 -8.99974 0.298589 4.97188e-05 0.473784
314 0.003113 -7.09509 0.299647 4.97062e-05 0.472079
315 0.00331936 -6.70144 0.300704 5.0228e-05 0.473404
316 0.00353553 -4.02694 0.301762 5.05805e-05 0.471602
317 0.00355177 -3.97069 0.302819 5.07079e-05 0.472786
318 0.00369685 -4.9197 0.303877 5.13259e-05 0.476885
319 0.00396646 -7.2038 0.304934 5.22565e-05 0.482409
320 0.00409807 -7.38701 0.305991 5.27446e-05 0.484593
321 0.00434402 -8.92396 0.307049 5.35978e-05 0.489493
322 0.00441172 -10.6558 0.308106 5.4095e-05 0.494093
323 0.0045816 -6.09495 0.309163 5.40361e-05 0.488897
324 0.00468807 -6.49437 0.31022 5.43785e-05 0.491232
325 0.00467547 -7.5617 0.311277 5.46778e-05 0.494894
326 0.0048111 -9.50733 0.312334 5.52111e-05 0.499696
327 0.00507932 -6.9577 0.313391 5.55011e-05 0.49794
328 0.00521287 -5.38701 0.314448 5.56372e-05 0.497338
329 0.00535091 -3.463 0.315505 5.57982e-05 0.496562
330 0.00555481 -7.6028 0.316562 5.67493e-05 0.505774
331 0.00575554 -8.66475 0.317619 5.71717e-05 0.50918
332 0.00589764 -4.35283 0.318675 5.69309e-05 0.504227
333 0.00590457 -3.33378 0.319732 5.67734e-05 0.504271
334 0.0059986 -2.91047 0.320789 5.6774e-05 0.505295
335 0.00612445 -1.79329 0.321845 5.68278e-05 0.5048
336 0.0061141 -3.59083 0.322902 5.68506e-05 0.508249
337 0.00610865 -3.82628 0.323959 5.66046e-05 0.5091
338 0.00607512 -3.55415 0.325015 5.63406e-05 0.509435
339 0.00634403 -3.79777 0.326072 5.68302e-05 0.512833
340 0.0064794 -3.4721 0.327128 5.69428e-05 0.514495
341 0.00631976 -4.22059 0.328184 5.65964e-05 0.51658
342 0.00613866 -4.71597 0.329241 5.60823e-05 0.517614
343 0.0062107 -3.09465 0.330297 5.57191e-05 0.515788
344 0.00634053 -1.31883 0.331353 5.54735e-05 0.514333
345 0.00638007 -5.77637 0.332409 5.57044e-05 0.522374
346 0.00641064 -9.22549 0.333466 5.58345e-05 0.529088
347 0.00629357 -5.67562 0.334522 5.47962e-05 0.522767
348 0.00621682 -6.55376 0.335578 5.44105e-05 0.524635
349 0.00615661 -5.02092 0.336634 5.37282e-05 0.52218
350 0.00611606 -3.08272 0.33769 5.3078e-05 0.519422
351 0.00600214 -4.85135 0.338746 5.26776e-05 0.5225
352 0.0059106 -6.76893 0.339802 5.22813e-05 0.525625
353 0.00580981 -8.06489 0.340858 5.17679e-05 0.527477
354 0.00564568 -7.9141 0.341913 5.10361e-05 0.526988
355 0.00557475 -4.77831 0.342969 5.01871e-05 0.522115
356 0.00560597 -4.49965 0.344025 4.97901e-05 0.522337
357 0.00557156 -5.58684 0.345081 4.94412e-05 0.524785
358 0.00545574 -6.54744 0.346136 4.88553e-05 0.526096
359 0.00541526 -5.68298 0.347192 4.81797e-05 0.524401
360 0.00539042 -5.2679 0.348247 4.75923e-05 0.52365
361 0.0052903 -4.82356 0.349303 4.69316e-05 0.522966
362 0.00519693 -6.19989 0.350358 4.63887e-05 0.524854
363 0.00507998 -7.33734 0.351414 4.5784e-05 0.526253
364 0.00497541 -4.61019 0.352469 4.48573e-05 0.521338
365 0.00491284 -4.12218 0.353525 4.42163e-05 0.520376
366 0.00487148 -4.97058 0.35458 4.37153e-05 0.521601
367 0.00486059 -8.51828 0.355635 4.34782e-05 0.527249
368 0.00474185 -8.68624 0.35669 4.2715e-05 0.526375
369 0.00450631 -4.25884 0.357745 4.14027e-05 0.517598
370 0.00437092 -2.35673 0.358801 4.05753e-05 0.514257
371 0.00437508 -1.92687 0.359856 4.0116e-05 0.513912
372 0.00436179 -5.91742 0.360911 3.99318e-05 0.52041
373 0.00434141 -10.1855 0.361966 3.97258e-05 0.527018
374 0.00423135 -8.39658 0.363021 3.89354e-05 0.523587
375 0.00415054 -9.15097 0.364076 3.84403e-05 0.524822
376 0.00396555 -7.17184 0.365131 3.74569e-05 0.520028
377 0.0038028 -10.3648 0.366185 3.69e-05 0.52372
378 0.00371987 -6.60168 0.36724 3.59715e-05 0.516372
379 0.00371202 -4.63857 0.368295 3.53778e-05 0.512849
380 0.00359155 -6.27979 0.36935 3.48583e-05 0.514655
381 0.0035655 -4.98186 0.370404 3.43523e-05 0.512479
382 0.00348912 -7.45244 0.371459 3.39601e-05 0.515584
383 0.00345703 -8.92067 0.372513 3.36528e-05 0.517918
384 0.0033981 -9.89676 0.373568 3.32509e-05 0.51903
385 0.00331349 -7.62852 0.374623 3.26429e-05 0.515113
386 0.00325681 -5.04118 0.375677 3.20439e-05 0.51042
387 0.00322023 -5.95811 0.376731 3.17472e-05 0.511784
388 0.00318484 -4.98237 0.377786 3.13766e-05 0.510464
389 0.00302372 -4.28443 0.37884 3.08488e-05 0.508956
390 0.0030357 -3.64447 0.379894 3.06815e-05 0.509011
391 0.00296528 -5.27843 0.380949 3.05376e-05 0.512417
392 0.00287735 -6.90588 0.382003 3.02705e-05 0.514533
393 0.00286464 -6.26582 0.383057 2.99703e-05 0.512924
394 0.00281416 -3.95612 0.384111 2.96054e-05 0.509282
395 0.00268216 -2.47351 0.385165 2.91899e-05 0.506777
396 0.00259829 -4.26603 0.386219 2.91045e-05 0.510267
397 0.00257852 -2.39835 0.387273 2.89397e-05 0.508302
398 0.0025393 -1.04963 0.388327 2.87697e-05 0.5069
399 0.00245698 -4.6846 0.389381 2.88684e-05 0.513766
400 0.00228336 -5.28505 0.390435 2.84714e-05 0.513312
401 0.00222935 -3.41467 0.391489 2.82286e-05 0.510452
402 0.00212884 -3.21698 0.392542 2.80665e-05 0.510651
403 0.00205967 -3.18216 0.393596 2.80119e-05 0.511695
404 0.00192935 -5.60359 0.39465 2.79629e-05 0.515944
405 0.00186754 -5.12827 0.395704 2.78881e-05 0.516126
406 0.00180158 -4.41673 0.396757 2.77463e-05 0.515362
407 0.00177843 -3.80294 0.397811 2.76896e-05 0.515026
408 0.00168907 -1.02235 0.398864 2.73936e-05 0.511102
409 0.00153598 -1.33604 0.399918 2.71814e-05 0.511805
410 0.0014302 -2.61269 0.400971 2.70721e-05 0.514341
411 0.00139663 -2.70952 0.402024 2.70294e-05 0.514557
412 0.00128603 -3.93118 0.403078 2.69624e-05 0.516656
413 0.00118487 -5.95492 0.404131 2.69139e-05 0.519979
414 0.00112307 -5.38488 0.405184 2.68025e-05 0.519773
415 0.00101436 -4.26056 0.406238 2.65825e-05 0.518273
416 0.000955295 -4.82933 0.407291 2.65637e-05 0.52006
417 0.000919942 -3.51621 0.408344 2.64161e-05 0.518403
418 0.000884149 -5.61495 0.409397 2.65305e-05 0.522778
419 0.00081859 -4.83594 0.41045 2.63228e-05 0.521411
420 0.000740735 -2.99332 0.411503 2.60857e-05 0.51899
421 0.000617077 -3.32581 0.412556 2.58e-05 0.519186
422 0.000596922 -4.82064 0.413609 2.5837e-05 0.522013
423 0.000600731 -5.14242 0.414662 2.58887e-05 0.523696
424 0.000573136 -2.49817 0.415715 2.56807e-05 0.520739
425 0.000453966 0.75398 0.416767 2.51316e-05 0.515816
426 0.000374072 0.443849 0.41782 2.49147e-05 0.516562
427 0.000328863 -8.14458 0.418873 2.54411e-05 0.52926
428 0.000324536 -8.43223 0.419925 2.54335e-05 0.530481
429 0.000353302 -6.35601 0.420978 2.53494e-05 0.528437
430 0.000322825 -4.44847 0.422031 2.51041e-05 0.526198
431 0.000260384 -5.56231 0.423083 2.5019e-05 0.527917
432 0.000167266 -10.1322 0.424136 2.50729e-05 0.535272
433 0.000116479 -10.5193 0.425188 2.48509e-05 0.535231
434 0.000166679 -6.1815 0.42624 2.45775e-05 0.529202
435 0.00021439 -5.28515 0.427293 2.46185e-05 0.52974
436 0.000221557 -4.76423 0.428345 2.45247e-05 0.529295
437 0.000185562 -6.0446 0.429397 2.44188e-05 0.53125
438 0.00014318 -2.59297 0.43045 2.39523e-05 0.525891
439 5.10645e-05 -4.15774 0.431502 2.37705e-05 0.527323
440 -3.03243e-06 -8.21022 0.432554 2.38818e-05 0.534478
441 7.34168e-05 -9.59314 0.433606 2.41429e-05 0.539386
442 0.000120189 -8.58831 0.434658 2.41117e-05 0.539166
443 0.000101895 -8.12358 0.43571 2.3869e-05 0.537951
444 0.000168024 -5.47478 0.436762 2.372e-05 0.534897
445 0.000221105 -4.94823 0.437814 2.37041e-05 0.535206
446 0.000201333 -4.24972 0.438866 2.34811e-05 0.53399
447 0.00016227 -5.84413 0.439918 2.34162e-05 0.536979
448 0.000167605 -7.35939 0.440969 2.33968e-05 0.540049
449 0.000207561 -9.21057 0.442021 2.34485e-05 0.543816
450 0.000264982 -7.65969 0.443073 2.33222e-05 0.541989
451 0.000305515 -7.84249 0.444124 2.33173e-05 0.543778
452 0.000325056 -7.0746 0.445176 2.32079e-05 0.543316
453 0.000356892 -7.10665 0.446228 2.31641e-05 0.544444
454 0.000399164 -4.37313 0.447279 2.29037e-05 0.540542
455 0.000434158 -5.0361 0.44833 2.29062e-05 0.542343
456 0.000466016 -8.05487 0.449382 2.30988e-05 0.549478
457 0.00045578 -10.0642 0.450433 2.30015e-05 0.552445
458 0.000480396 -11.9051 0.451485 2.29595e-05 0.555459
459 0.000540349 -12.0233 0.452536 2.2936e-05 0.556629
460 0.000607255 -11.0852 0.453587 2.2871e-05 0.55617
461 0.000634987 -9.89666 0.454638 2.27708e-05 0.555631
462 0.000626694 -10.8192 0.455689 2.27095e-05 0.558131
463 0.000647469 -11.3615 0.456741 2.26036e-05 0.559154
464 0.000705679 -9.20104 0.457792 2.23413e-05 0.554809
465 0.00073632 -10.3758 0.458843 2.22963e-05 0.557074
466 0.00076066 -12.6891 0.459894 2.23548e-05 0.561995
467 0.000815394 -11.6119 0.460945 2.23313e-05 0.562167
468 0.000901757 -10.4929 0.461995 2.23938e-05 0.56307
469 0.000937281 -7.92231 0.463046 2.22102e-05 0.559684
470 0.000963175 -6.65985 0.464097 2.2041e-05 0.557817
471 0.00101041 -7.37426 0.465148 2.2049e-05 0.560085
472 0.00107624 -6.26129 0.466198 2.20718e-05 0.560617
473 0.00104585 -6.86087 0.467249 2.19173e-05 0.561462
474 0.00102811 -9.61984 0.4683 2.18993e-05 0.566142
475 0.00117937 -10.8498 0.46935 2.21483e-05 0.570803
476 0.00122865 -9.60223 0.470401 2.20646e-05 0.569584
477 0.00122099 -7.25847 0.471451 2.18157e-05 0.565552
478 0.00122825 -7.45746 0.472502 2.17781e-05 0.566956
479 0.00128996 -7.63798 0.473552 2.18543e-05 0.569215
480 0.00142581 -7.83373 0.474602 2.21272e-05 0.573512
481 0.00149364 -8.50105 0.475653 2.22456e-05 0.576745
482 0.00148816 -7.27614 0.476703 2.20687e-05 0.574387
483 0.00150473 -8.71101 0.477753 2.21755e-05 0.578865
484 0.00159955 -8.98355 0.478803 2.23945e-05 0.582868
485 0.00165086 -9.04666 0.479853 2.24564e-05 0.5846
486 0.00172812 -5.48499 0.480903 2.24284e-05 0.581044
487 0.00182279 -3.63694 0.481953 2.25528e-05 0.581356
488 0.00189569 -4.5467 0.483003 2.2751e-05 0.585762
489 0.00191678 -5.15151 0.484053 2.28757e-05 0.58944
490 0.00191879 -6.23926 0.485103 2.30003e-05 0.593816
491 0.00196318 -2.18827 0.486153 2.28873e-05 0.58851
492 0.0020603 -1.20659 0.487203 2.30509e-05 0.59004
493 0.00211354 -4.69972 0.488252 2.34088e-05 0.599882
494 0.00215734 -5.29349 0.489302 2.35889e-05 0.604011
495 0.00220374 -2.74151 0.490352 2.35982e-05 0.602142
496 0.00224108 -0.400967 0.491401 2.35825e-05 0.600078
497 0.0022566 -3.05628 0.492451 2.37907e-05 0.606943
498 0.00227956 -2.60406 0.4935 2.38584e-05 0.608325
499 0.00226438 -1.44211 0.49455 2.38076e-05 0.607449
500 0.00226764 -1.03704 0.495599 2.3862e-05 0.608949
501 0.00233299 -4.41426 0.496649 2.42376e-05 0.61884
502 0.00236643 -3.08315 0.497698 2.4235e-05 0.617925
503 0.00237575 -0.960406 0.498747 2.41833e-05 0.615819
504 0.00240648 -2.25188 0.499796 2.44075e-05 0.621695
505 0.00243304 -0.604124 0.500845 2.44279e-05 0.621168
506 0.00244526 -0.275678 0.501895 2.44912e-05 0.622862
507 0.00245879 -2.16745 0.502944 2.46846e-05 0.629002
508 0.00249759 -1.1363 0.503993 2.47402e-05 0.629573
509 0.00247892 -2.18127 0.505042 2.47599e-05 0.632098
510 0.00248302 -0.148019 0.506091 2.46978e-05 0.630125
511 0.00247035 1.97608 0.507139 2.4648e-05 0.62866
512 0.00247458 2.18976 0.508188 2.47155e-05 0.630889
513 0.00243023 1.31357 0.509237 2.4699e-05 0.633125
514 0.00242182 -1.32522 0.510286 2.48433e-05 0.639498
515 0.00241256 -5.51657 0.511334 2.50955e-05 0.649369
516 0.00241582 -4.69934 0.512383 2.51211e-05 0.650447
517 0.00243721 0.0298273 0.513432 2.49096e-05 0.643205
518 0.00241921 0.94524 0.51448 2.47795e-05 0.641333
519 0.00240885 0.537534 0.515529 2.47922e-05 0.64343
520 0.00240189 -1.49503 0.516577 2.49465e-05 0.649788
521 0.00237566 1.71729 0.517625 2.4723e-05 0.644395
522 0.00230701 3.41082 0.518674 2.45041e-05 0.641046
523 0.00226032 -0.483462 0.519722 2.46116e-05 0.648677
524 0.00225489 1.90627 0.52077 2.44253e-05 0.644411
525 0.00222146 0.774785 0.521819 2.43744e-05 0.646316
526 0.00220247 3.25716 0.522867 2.41696e-05 0.641853
527 0.00215516 0.58022 0.523915 2.42083e-05 0.64722
528 0.00206813 -2.32277 0.524963 2.42241e-05 0.653003
529 0.00201516 -3.50045 0.526011 2.41813e-05 0.655588
530 0.0020408 -0.583486 0.527059 2.40491e-05 0.651692
531 0.00204297 -1.38108 0.528107 2.4137e-05 0.655913
532 0.00195135 -0.274264 0.529155 2.38665e-05 0.652545
533 0.00190156 0.407667 0.530202 2.36429e-05 0.649768
534 0.00190271 3.37676 0.53125 2.34239e-05 0.644376
535 0.00188209 0.764772 0.532298 2.34815e-05 0.649845
536 0.00183137 -2.93215 0.533345 2.35683e-05 0.657364
537 0.00178955 -1.80544 0.534393 2.34396e-05 0.656273
538 0.00177831 3.08302 0.535441 2.31051e-05 0.647112
539 0.001756 0.0121696 0.536488 2.31475e-05 0.652706
540 0.00166072 -3.86166 0.537536 2.31048e-05 0.658377
541 0.00156396 -2.26578 0.538583 2.27968e-05 0.653977
542 0.00156041 -1.12379 0.53963 2.27432e-05 0.653866
543 0.0015784 -0.686308 0.540678 2.27142e-05 0.654441
544 0.00153527 -2.03545 0.541725 2.26094e-05 0.65583
545 0.0014814 -1.6932 0.542772 2.24227e-05 0.654278
546 0.00141155 -3.56931 0.543819 2.23461e-05 0.657231
547 0.00141403 -1.48124 0.544866 2.21714e-05 0.653521
548 0.00144236 -1.03022 0.545913 2.2171e-05 0.654539
549 0.00134839 -1.10004 0.54696 2.19064e-05 0.652253
550 0.00128337 -1.34323 0.548007 2.17888e-05 0.652921
551 0.0012222 -2.2024 0.549054 2.16586e-05 0.653699
552 0.00116357 -3.7051 0.550101 2.15401e-05 0.655127
553 0.00115523 -5.0386 0.551148 2.15739e-05 0.658968
554 0.00112809 -3.825 0.552195 2.13701e-05 0.655718
555 0.00109184 -3.94173 0.553241 2.12501e-05 0.655585
556 0.00105702 -3.29417 0.554288 2.10976e-05 0.654061
557 0.00105197 -0.46537 0.555335 2.08996e-05 0.64916
558 0.00105204 -0.923086 0.556381 2.08944e-05 0.651173
559 0.00100546 -2.64088 0.557428 2.08689e-05 0.654606
560 0.000956691 -5.28871 0.558474 2.08405e-05 0.658685
561 0.000931286 -3.44212 0.559521 2.06445e-05 0.654882
562 0.000897763 -1.61939 0.560567 2.04494e-05 0.651231
563 0.000836298 -4.49749 0.561613 2.03954e-05 0.655061
564 0.000833131 -5.52569 0.562659 2.0418e-05 0.658066
565 0.000828573 -0.4007 0.563706 2.00578e-05 0.647856
566 0.000844473 2.77838 0.564752 1.99243e-05 0.64372
567 0.00082195 2.97957 0.565798 1.98249e-05 0.642737
568 0.000772156 3.03355 0.566844 1.97041e-05 0.642282
569 0.000722928 2.06257 0.56789 1.95904e-05 0.642868
570 0.000701445 -0.223869 0.568936 1.96639e-05 0.647587
571 0.000681786 0.411824 0.569982 1.95912e-05 0.647099
572 0.000638783 -0.161569 0.571027 1.94923e-05 0.64741
573 0.000645425 1.26192 0.572073 1.94186e-05 0.64562
574 0.000584686 -1.36641 0.573119 1.94286e-05 0.650408
575 0.000518699 -3.94959 0.574165 1.94414e-05 0.6554
576 0.000509173 -0.0274847 0.57521 1.92102e-05 0.648112
577 0.000496016 1.73746 0.576256 1.91148e-05 0.645781
578 0.000487998 1.4723 0.577301 1.9125e-05 0.647484
579 0.000502689 3.52598 0.578347 1.9071e-05 0.646362
580 0.000451082 5.06702 0.579392 1.88803e-05 0.644302
581 0.000451938 3.18629 0.580438 1.89393e-05 0.646768
582 0.00042945 -0.489557 0.581483 1.90661e-05 0.652953
583 0.000375582 -2.6511 0.582528 1.90795e-05 0.65682
584 0.000349244 -4.15774 0.583573 1.91176e-05 0.660344
585 0.00034432 -3.65136 0.584618 1.90981e-05 0.660575
586 0.000326424 -0.527384 0.585664 1.89087e-05 0.655629
587 0.000332434 0.456964 0.586709 1.89022e-05 0.656206
588 0.000333163 3.07712 0.587754 1.88179e-05 0.655044
589 0.000291321 1.67608 0.588798 1.88068e-05 0.657087
590 0.000245519 0.437453 0.589843 1.8756e-05 0.65756
591 0.000260554 2.7558 0.590888 1.87522e-05 0.657891
592 0.000265363 0.837478 0.591933 1.89114e-05 0.661412
593 0.000247861 -0.636365 0.592978 1.90058e-05 0.665877
594 0.000212429 2.02881 0.594022 1.88186e-05 0.662437
595 0.000177039 -0.850334 0.595067 1.88997e-05 0.665655
596 0.00015178 -1.54068 0.596111 1.88982e-05 0.667194
597 0.00011666 -0.818191 0.597156 1.87831e-05 0.666085
598 7.7377e-05 -3.2498 0.5982 1.8812e-05 0.669479
599 9.26722e-05 -3.76275 0.599245 1.8924e-05 0.673115
600 0.000101983 -3.18237 0.600289 1.89381e-05 0.67378
601 0.000115317 0.549388 0.601333 1.88309e-05 0.670667
602 9.54011e-05 -0.506078 0.602378 1.88684e-05 0.673537
603 0.000106467 -2.31731 0.603422 1.9033e-05 0.678868
604 9.47866e-05 -2.69015 0.604466 1.9096e-05 0.681165
605 7.93859e-05 -2.14003 0.60551 1.90884e-05 0.68218
606 8.4029e-05 -6.13143 0.606554 1.93345e-05 0.691281
607 8.3572e-05 -2.28407 0.607598 1.90485e-05 0.682684
608 8.90987e-05 -2.27997 0.608642 1.90971e-05 0.68443
609 8.09884e-05 3.0382 0.609686 1.89098e-05 0.682603
610 2.80173e-05 0.279097 0.61073 1.89023e-05 0.683063
611 4.83895e-05 -2.22863 0.611773 1.91191e-05 0.688959
612 4.35593e-05 -6.47444 0.612817 1.9387e-05 0.699305
613 -4.37601e-06 -4.1152 0.613861 1.90963e-05 0.69193
614 -8.86377e-06 -2.63014 0.614904 1.90858e-05 0.69261
615 8.30166e-06 -2.20322 0.615948 1.91438e-05 0.695347
616 3.85741e-05 -2.6652 0.616991 1.92086e-05 0.696506
617 7.4721e-05 0.360872 0.618035 1.9183e-05 0.696418
618 8.13968e-05 1.23871 0.619078 1.91757e-05 0.697229
619 3.76526e-05 0.0739541 0.620121 1.9145e-05 0.698278
620 4.25987e-05 0.630693 0.621164 1.91854e-05 0.699487
621 1.86635e-05 -1.87182 0.622208 1.91999e-05 0.701821
622 -3.38183e-05 0.538708 0.623251 1.92559e-05 0.704713
623 1.22382e-05 0.473433 0.624294 1.92142e-05 0.704613
624 7.06185e-06 -1.13719 0.625337 1.92717e-05 0.708186
625 1.7079e-05 0.19711 0.62638 1.92373e-05 0.708603
626 5.05994e-05 -0.246786 0.627423 1.93163e-05 0.7096
627 3.68354e-05 1.94146 0.628466 1.92972e-05 0.710694
628 -5.30702e-06 0.778197 0.629508 1.93023e-05 0.711591
629 -2.79543e-07 0.10886 0.630551 1.93323e-05 0.71341
630 1.28865e-06 -2.43396 0.631594 1.93659e-05 0.716689
631 -1.38068e-05 -2.42857 0.632636 1.93473e-05 0.717305
632 7.25989e-06 -0.981709 0.633679 1.93108e-05 0.716992
633 4.48e-06 1.71253 0.634722 1.93214e-05 0.718534
634 5.83969e-06 4.06516 0.635764 1.94396e-05 0.72365
635 3.1258e-05 3.70983 0.636806 1.94213e-05 0.724097
636 2.56069e-05 1.55722 0.637849 1.93596e-05 0.722853
637 3.62146e-05 1.26543 0.638891 1.93694e-05 0.724069
638 6.97926e-05 1.37046 0.639933 1.94323e-05 0.726992
639 7.1362e-05 2.03468 0.640975 1.93738e-05 0.727199
640 9.64342e-05 1.77515 0.642018 1.94351e-05 0.728572
641 8.08336e-05 -0.769245 0.64306 1.95259e-05 0.731651
642 2.87444e-05 -2.96548 0.644102 1.95048e-05 0.734659
643 3.00264e-05 -1.70778 0.645144 1.94343e-05 0.733055
644 5.10756e-05 1.54238 0.646185 1.9472e-05 0.734813
645 6.56894e-05 3.52797 0.647227 1.94796e-05 0.736899
646 6.89875e-05 0.281216 0.648269 1.94754e-05 0.736821
647 5.73968e-05 -3.10214 0.649311 1.961e-05 0.74185
648 2.06211e-05 -4.93389 0.650352 1.96625e-05 0.745872
649 2.89456e-05 -1.90375 0.651394 1.95327e-05 0.74184
650 5.57008e-05 0.291702 0.652436 1.94902e-05 0.741377
651 6.60779e-05 3.83885 0.653477 1.94751e-05 0.743693
652 0.000104872 3.9966 0.654519 1.95466e-05 0.746215
653 7.42732e-05 2.97747 0.65556 1.9571e-05 0.746398
654 5.92499e-05 3.60339 0.656601 1.9546e-05 0.748557
655 4.99621e-05 1.03061 0.657642 1.95225e-05 0.747854
656 4.87558e-05 -1.85097 0.658684 1.96806e-05 0.753688
657 3.87719e-05 -4.20552 0.659725 1.97978e-05 0.758792
658 5.12659e-05 -3.37651 0.660766 1.98347e-05 0.760599
659 8.21599e-05 -3.94667 0.661807 1.99882e-05 0.765202
660 9.1523e-05 -0.665593 0.662848 1.98318e-05 0.760457
661 6.62853e-05 1.27859 0.663889 1.96745e-05 0.756998
662 6.55249e-05 -0.463052 0.66493 1.97364e-05 0.760237
663 9.91445e-05 1.78869 0.66597 1.97745e-05 0.762497
664 8.40541e-05 0.841086 0.667011 1.9804e-05 0.763502
665 4.89041e-05 -1.08866 0.668052 1.98e-05 0.765318
666 3.45511e-05 -1.60511 0.669092 1.98333e-05 0.767857
667 3.00414e-05 -1.84982 0.670133 1.98596e-05 0.76918
668 5.25188e-05 -0.226626 0.671173 1.98967e-05 0.769879
669 7.76704e-05 0.145309 0.672214 1.99514e-05 0.77281
670 5.85517e-05 -0.374879 0.673254 1.9949e-05 0.774339
671 4.41328e-05 -1.94829 0.674295 2.00244e-05 0.77801
672 5.16022e-05 -0.890585 0.675335 1.99783e-05 0.777202
673 6.83875e-05 -0.998482 0.676375 2.00625e-05 0.780066
674 6.2233e-05 -3.98841 0.677415 2.02579e-05 0.787845
675 4.38814e-05 -3.30292 0.678455 2.01995e-05 0.787022
676 3.70077e-05 -1.35283 0.679495 2.01597e-05 0.785845
677 3.21668e-05 0.196333 0.680535 2.01045e-05 0.784777
678 8.04417e-05 0.216389 0.681575 2.02462e-05 0.789019
679 0.000102388 0.574014 0.682615 2.03272e-05 0.791624
680 0.000111008 3.283 0.683655 2.02575e-05 0.791396
681 0.000101734 2.84865 0.684694 2.02804e-05 0.793636
682 7.03921e-05 -0.277588 0.685734 2.03693e-05 0.796646
683 5.12357e-05 -1.61935 0.686774 2.04377e-05 0.800082
684 7.61671e-05 1.99061 0.687813 2.03839e-05 0.799038
685 4.40271e-05 1.08454 0.688853 2.03754e-05 0.799475
686 4.82611e-05 1.53275 0.689892 2.04759e-05 0.804198
687 6.20047e-05 2.46676 0.690931 2.05194e-05 0.806611
688 1.70277e-05 1.85371 0.691971 2.05788e-05 0.809962
689 3.10691e-05 2.70968 0.69301 2.06173e-05 0.81185
690 6.64272e-05 1.59654 0.694049 2.06122e-05 0.811435
691 8.04435e-05 -0.339223 0.695088 2.07572e-05 0.815531
692 4.83661e-05 0.392822 0.696127 2.07341e-05 0.816796
693 4.32235e-05 1.30619 0.697166 2.07531e-05 0.817966
694 5.46316e-05 -0.557367 0.698205 2.07787e-05 0.818699
695 1.69843e-05 -4.20762 0.699244 2.08999e-05 0.825621
696 -4.75795e-06 -4.4899 0.700283 2.09114e-05 0.827352
697 -1.54538e-05 -2.12695 0.701322 2.08347e-05 0.825218
698 -1.74181e-05 -4.62577 0.70236 2.10172e-05 0.83252
699 4.2395e-05 -2.1626 0.703399 2.10485e-05 0.833299
700 6.56906e-05 -1.30992 0.704437 2.11176e-05 0.83546
701 0.00011351 -1.52426 0.705476 2.1315e-05 0.840513
702 6.90852e-05 1.18793 0.706514 2.10579e-05 0.834058
703 -1.494e-05 -0.245747 0.707553 2.1062e-05 0.836027
704 -2.1009e-05 -1.00787 0.708591 2.11438e-05 0.838233
705 5.72575e-06 0.801312 0.709629 2.11593e-05 0.841089
706 1.3304e-05 -1.17059 0.710667 2.12015e-05 0.843769
707 1.15352e-05 -1.77271 0.711706 2.12496e-05 0.847008
708 4.92202e-05 -2.40067 0.712744 2.14008e-05 0.850961
709 6.82995e-05 -1.09591 0.713782 2.13486e-05 0.849237
710 3.95265e-05 -0.345438 0.71482 2.13586e-05 0.85087
711 4.99859e-05 -2.3799 0.715857 2.15739e-05 0.858947
712 -1.08861e-05 -3.93819 0.716895 2.14821e-05 0.85875
713 9.20401e-07 -1.353 0.717933 2.14249e-05 0.856826
714 6.03158e-05 -1.6312 0.718971 2.15931e-05 0.861822
715 0.000125447 5.25483 0.720008 2.16098e-05 0.865444
716 0.00011008 6.06593 0.721046 2.16385e-05 0.869097
717 8.64731e-05 4.53968 0.722083 2.16292e-05 0.868164
718 1.80587e-05 5.2183 0.723121 2.18603e-05 0.876886
719 1.80687e-05 4.48238 0.724158 2.18392e-05 0.877249
720 2.57103e-05 3.65427 0.725195 2.17732e-05 0.875179
721 3.69251e-05 2.80136 0.726233 2.1782e-05 0.875
722 7.14144e-05 3.16923 0.72727 2.18435e-05 0.87719
723 4.14277e-05 1.75846 0.728307 2.17965e-05 0.876115
724 1.61071e-06 2.19312 0.729344 2.18396e-05 0.8796
725 1.52783e-05 2.66382 0.730381 2.18619e-05 0.881782
726 4.0312e-06 -1.96728 0.731418 2.19144e-05 0.883344
727 -4.57153e-06 -3.40433 0.732455 2.19794e-05 0.887161
728 -5.7555e-05 -4.65835 0.733492 2.19717e-05 0.889144
729 -6.26747e-05 -4.13718 0.734528 2.19929e-05 0.889588
730 -5.2726e-05 -1.98659 0.735565 2.20059e-05 0.888442
731 -3.07914e-06 -1.98731 0.736602 2.2089e-05 0.89389
732 5.48987e-05 -0.677612 0.737638 2.21778e-05 0.897056
733 7.35946e-05 1.11607 0.738675 2.21556e-05 0.896539
734 7.95474e-05 2.24474 0.739711 2.22045e-05 0.899181
735 5.06697e-05 -0.479572 0.740747 2.22922e-05 0.903261
736 1.62372e-05 -0.634292 0.741784 2.22765e-05 0.904363
737 9.64444e-06 -0.318081 0.74282 2.22826e-05 0.904677
738 -6.16252e-05 -3.92142 0.743856 2.23395e-05 0.908043
739 -2.20098e-06 -2.49101 0.744892 2.24314e-05 0.911872
740 4.0011e-06 -3.00331 0.745928 2.25582e-05 0.917074
741 -2.83339e-05 -4.3229 0.746964 2.2548e-05 0.918644
742 -3.98447e-05 -4.20717 0.748 2.25396e-05 0.918997
743 -2.18911e-05 -2.25383 0.749036 2.25402e-05 0.917711
744 -1.01232e-05 -3.19525 0.750072 2.26522e-05 0.923438
745 2.42201e-05 -2.76487 0.751107 2.27442e-05 0.92771
746 1.57954e-05 -0.143691 0.752143 2.26572e-05 0.925574
747 3.4522e-05 -0.00617957 0.753179 2.26314e-05 0.925029
748 3.4095e-05 -0.161815 0.754214 2.27165e-05 0.927812
749 5.03591e-06 -0.399448 0.75525 2.27733e-05 0.931352
750 -2.24401e-05 -1.6409 0.756285 2.28947e-05 0.935873
751 -5.30664e-05 -2.93464 0.75732 2.28445e-05 0.935168
752 -4.87515e-05 -1.69238 0.758355 2.28358e-05 0.934962
753 -3.74488e-05 0.996279 0.759391 2.29845e-05 0.941601
754 -1.89374e-05 0.378996 0.760426 2.30086e-05 0.943723
755 1.50783e-05 2.53399 0.761461 2.30254e-05 0.945707
756 3.34265e-05 2.43797 0.762496 2.30414e-05 0.946518
757 2.59812e-05 5.58783 0.763531 2.32937e-05 0.957536
758 4.58245e-05 5.79998 0.764566 2.32689e-05 0.958293
759 1.61899e-05 2.44909 0.7656 2.32192e-05 0.955476
760 2.01984e-05 1.01585 0.766635 2.32237e-05 0.955124
761 4.51434e-05 0.62324 0.76767 2.33086e-05 0.958819
762 5.06867e-05 1.59341 0.768704 2.33134e-05 0.958855
763 5.25935e-05 0.873028 0.769739 2.33986e-05 0.963023
764 4.91828e-05 -0.515072 0.770773 2.35146e-05 0.96799
765 2.23378e-05 -3.2593 0.771808 2.36232e-05 0.972967
766 7.66535e-05 -0.480532 0.772842 2.36578e-05 0.973106
767 5.08972e-05 2.03614 0.773876 2.35604e-05 0.972451
768 -1.00218e-05 1.28285 0.77491 2.35823e-05 0.973476
769 1.15769e-05 1.5845 0.775945 2.36157e-05 0.974857
770 4.2863e-05 1.21146 0.776979 2.3683e-05 0.977516
771 4.3675e-05 -0.0804283 0.778013 2.37734e-05 0.981438
772 6.2182e-05 0.709762 0.779046 2.38582e-05 0.985258
773 5.9445e-05 2.00901 0.78008 2.38727e-05 0.98728
774 5.55286e-05 1.77202 0.781114 2.3882e-05 0.987978
775 0.000128966 1.6008 0.782148 2.41033e-05 0.994397
776 0.000150393 -0.203547 0.783181 2.42891e-05 1.00095
777 0.000125283 -3.39776 0.784215 2.45149e-05 1.01163
778 3.64645e-05 -3.44439 0.785249 2.42189e-05 1.00332
779 6.59289e-05 3.29676 0.786282 2.41669e-05 1.00363
780 8.02287e-05 4.14007 0.787315 2.42347e-05 1.0066
781 7.17966e-05 0.951308 0.788349 2.42858e-05 1.00665
782 9.03126e-05 0.0977407 0.789382 2.44089e-05 1.01003
783 0.000105842 -0.573065 0.790415 2.45678e-05 1.01682
784 4.162e-05 -1.73577 0.791448 2.45124e-05 1.01655
785 8.10004e-07 -2.18145 0.792481 2.45328e-05 1.01848
786 2.08475e-05 -4.1518 0.793514 2.47441e-05 1.02764
787 5.77954e-05 -2.59089 0.794547 2.47966e-05 1.03061
788 6.74038e-05 1.67519 0.79558 2.4624e-05 1.02434
789 9.57818e-05 3.56577 0.796613 2.46895e-05 1.02668
790 1.94434e-05 -0.861074 0.797645 2.47324e-05 1.02932
791 -5.34336e-06 -0.85444 0.798678 2.47936e-05 1.03277
792 -1.72609e-05 -1.48793 0.799711 2.47903e-05 1.03382
793 -1.8037e-05 -3.90766 0.800743 2.492e-05 1.03948
794 -9.24799e-07 -3.5422 0.801776 2.50262e-05 1.04412
795 4.76469e-05 0.470752 0.802808 2.50109e-05 1.04265
796 5.93559e-05 1.56096 0.80384 2.50642e-05 1.04481
797 7.01282e-05 1.02314 0.804872 2.51728e-05 1.04901
798 4.46678e-05 2.41616 0.805905 2.51475e-05 1.04986
799 3.62224e-05 1.58425 0.806937 2.51884e-05 1.05257
800 5.43061e-05 3.40252 0.807969 2.52289e-05 1.05487
801 3.39124e-05 0.515744 0.809001 2.53044e-05 1.05853
802 4.29801e-05 -0.181093 0.810032 2.54358e-05 1.06292
803 5.7973e-05 -1.59638 0.811064 2.55783e-05 1.06817
804 6.4254e-05 -0.682753 0.812096 2.55941e-05 1.06904
805 6.62313e-05 0.483573 0.813128 2.55501e-05 1.06818
806 3.82359e-05 -3.52767 0.814159 2.58143e-05 1.07989
807 4.05004e-05 -4.29829 0.815191 2.59482e-05 1.08554
808 3.125e-05 -3.30139 0.816222 2.58888e-05 1.08394
809 7.47371e-05 1.50121 0.817254 2.57351e-05 1.07899
810 8.31107e-05 0.129251 0.818285 2.58991e-05 1.0837
811 8.9649e-05 1.42483 0.819316 2.59012e-05 1.08435
812 0.000153667 6.68829 0.820347 2.59822e-05 1.09029
813 0.000208758 7.97521 0.821378 2.60628e-05 1.09237
814 0.000131003 2.56169 0.822409 2.61032e-05 1.09395
815 0.000102134 0.779193 0.82344 2.62141e-05 1.099
816 9.22449e-05 3.8528 0.824471 2.61375e-05 1.09696
817 5.96814e-05 2.72962 0.825502 2.61905e-05 1.09929
818 2.34824e-05 1.11994 0.826533 2.62497e-05 1.10346
819 4.63588e-05 1.54549 0.827563 2.63139e-05 1.10574
820 3.55954e-05 2.00181 0.828594 2.62858e-05 1.10626
821 6.8121e-06 3.84485 0.829625 2.6486e-05 1.11427
822 1.00069e-05 3.65834 0.830655 2.65101e-05 1.11573
823 -1.71005e-05 -0.412444 0.831685 2.65156e-05 1.11542
824 -1.69153e-05 2.62984 0.832716 2.65987e-05 1.12044
825 5.78507e-05 5.71082 0.833746 2.66999e-05 1.12688
826 7.6469e-05 7.76608 0.834776 2.68735e-05 1.1346
827 2.3166e-05 4.99294 0.835806 2.68154e-05 1.13091
828 -2.18606e-05 1.57907 0.836836 2.68102e-05 1.12985
829 -2.72381e-05 2.51737 0.837866 2.69762e-05 1.13643
830 -3.56266e-05 -1.05182 0.838896 2.68635e-05 1.1332
831 -3.16339e-05 -1.36926 0.839926 2.69916e-05 1.13842
832 -2.21157e-05 1.79923 0.840956 2.70549e-05 1.14135
833 -1.31189e-05 2.16766 0.841985 2.71172e-05 1.14593
834 -2.14902e-05 -0.815223 0.843015 2.71325e-05 1.14712
835 -1.08019e-05 -1.27944 0.844045 2.71665e-05 1.14858
836 2.41084e-05 0.319101 0.845074 2.72268e-05 1.15066
837 9.36226e-06 -2.85141 0.846103 2.73524e-05 1.15594
838 -1.26638e-05 -3.22324 0.847133 2.7422e-05 1.15911
839 -1.36955e-05 -3.89717 0.848162 2.75172e-05 1.165
840 -3.73438e-05 -5.21962 0.849191 2.7656e-05 1.17098
841 1.78707e-05 -3.59072 0.85022 2.7744e-05 1.17276
842 3.3048e-05 -0.612656 0.851249 2.76353e-05 1.16968
843 4.48902e-06 0.174569 0.852278 2.76389e-05 1.17137
844 8.79823e-07 0.152316 0.853307 2.77368e-05 1.17384
845 2.3948e-05 -1.34347 0.854336 2.78473e-05 1.17841
846 3.65447e-05 -1.62918 0.855365 2.79183e-05 1.18204
847 1.99655e-05 1.16664 0.856393 2.79734e-05 1.18517
848 8.82931e-06 2.76638 0.857422 2.81011e-05 1.19072
849 -3.93957e-05 -1.72137 0.85845 2.80082e-05 1.18691
850 -4.12885e-05 -5.2291 0.859479 2.82041e-05 1.19691
851 -7.08531e-05 -6.19177 0.860507 2.82635e-05 1.19956
852 1.47179e-06 -3.03736 0.861536 2.82603e-05 1.19916
853 -5.91591e-07 0.714911 0.862564 2.82715e-05 1.19997
854 3.87891e-06 3.07907 0.863592 2.8386e-05 1.20596
855 4.88564e-05 2.85749 0.86462 2.84397e-05 1.20851
856 2.12969e-05 2.50667 0.865648 2.84896e-05 1.21105
857 3.82914e-06 1.61595 0.866676 2.85332e-05 1.21247
858 -8.67601e-06 -0.303178 0.867704 2.85743e-05 1.21398
859 2.0607e-05 -0.201494 0.868732 2.85883e-05 1.21467
860 5.39521e-05 3.53951 0.869759 2.86776e-05 1.21945
861 -2.47132e-05 -0.551056 0.870787 2.87463e-05 1.22383
862 -6.41894e-05 -3.25436 0.871815 2.88616e-05 1.2293
863 -1.77651e-05 -0.94932 0.872842 2.88642e-05 1.22894
864 -6.95705e-05 -1.67805 0.873869 2.89731e-05 1.23268
865 -0.000100147 -2.57521 0.874897 2.91103e-05 1.23733
866 -5.5013e-05 -0.615998 0.875924 2.91396e-05 1.23902
867 -2.84806e-05 -2.46944 0.876951 2.91458e-05 1.24067
868 1.94667e-05 1.6295 0.877978 2.92187e-05 1.24411
869 7.06732e-05 7.05514 0.879005 2.94439e-05 1.25567
870 5.34159e-05 5.67542 0.880032 2.94134e-05 1.25467
871 4.36242e-05 4.44487 0.881059 2.94391e-05 1.25524
872 3.66831e-05 2.07071 0.882086 2.94687e-05 1.25572
873 -4.62647e-05 -2.11084 0.883113 2.95709e-05 1.26024
874 -7.89118e-05 -5.92708 0.884139 2.97479e-05 1.2701
875 -7.00302e-05 -6.30831 0.885166 2.98705e-05 1.2747
876 3.19756e-05 -7.28408 0.886193 3.03886e-05 1.29475
877 5.16689e-06 -4.52673 0.887219 3.00288e-05 1.2798
878 -4.62528e-05 -2.9633 0.888245 2.9849e-05 1.27278
879 -2.58028e-05 1.48744 0.889272 3.00429e-05 1.28062
880 6.63104e-05 0.435208 0.890298 3.00863e-05 1.28232
881 2.49163e-05 -3.30102 0.891324 3.03269e-05 1.29341
882 -5.8878e-05 -6.3437 0.89235 3.0401e-05 1.29911
883 -2.36301e-05 -4.51326 0.893376 3.05708e-05 1.30531
884 -2.28891e-05 -2.88648 0.894402 3.04301e-05 1.2996
885 5.75538e-05 0.324076 0.895428 3.03911e-05 1.29659
886 6.5104e-05 -1.93645 0.896454 3.06523e-05 1.30792
887 3.32731e-05 -6.7788 0.897479 3.11507e-05 1.32939
888 -1.69827e-05 -4.76741 0.898505 3.08119e-05 1.31639
889 1.49598e-05 -2.4166 0.89953 3.07068e-05 1.31121
890 9.31238e-05 -1.29984 0.900556 3.10064e-05 1.32217
891 5.75661e-05 0.26074 0.901581 3.08319e-05 1.3166
892 1.61861e-05 -2.05763 0.902607 3.10253e-05 1.32631
893 -4.57009e-05 -4.46509 0.903632 3.10107e-05 1.32746
894 -2.56754e-05 0.222453 0.904657 3.09358e-05 1.32389
895 2.38428e-05 1.70943 0.905682 3.10379e-05 1.32681
896 1.41609e-05 -1.24138 0.906707 3.11583e-05 1.3325
897 -3.73939e-06 -2.37533 0.907732 3.12633e-05 1.3358
898 5.13103e-05 -1.57176 0.908757 3.13691e-05 1.34056
899 2.99481e-05 -0.513419 0.909782 3.13834e-05 1.34129
900 4.02392e-05 -0.581843 0.910806 3.15089e-05 1.34787
901 1.12121e-05 -0.777654 0.911831 3.15074e-05 1.34867
902 9.38025e-06 -1.59056 0.912855 3.15631e-05 1.35039
903 1.49935e-05 -4.36648 0.91388 3.19476e-05 1.36736
904 4.66491e-05 -5.10258 0.914904 3.22883e-05 1.38076
905 5.34269e-05 -2.69107 0.915929 3.20606e-05 1.37123
906 3.15793e-05 -0.630437 0.916953 3.18527e-05 1.36309
907 6.40851e-05 3.16162 0.917977 3.1942e-05 1.36744
908 0.000105948 7.05114 0.919001 3.21077e-05 1.37665
909 4.11631e-05 4.00096 0.920025 3.20983e-05 1.37577
910 -5.19519e-05 -3.01087 0.921049 3.21921e-05 1.38085
911 -3.1308e-05 -5.05071 0.922073 3.24119e-05 1.3898
912 -1.31986e-05 -3.60671 0.923097 3.23926e-05 1.38912
913 5.24306e-06 -1.76796 0.92412 3.24149e-05 1.3894
914 -1.3421e-06 -2.39801 0.925144 3.25321e-05 1.39469
915 6.83019e-06 -1.59115 0.926167 3.25753e-05 1.39672
916 2.05089e-05 -3.07596 0.927191 3.27506e-05 1.40349
917 9.44129e-05 -1.21953 0.928214 3.29932e-05 1.41215
918 5.62399e-05 -2.42099 0.929238 3.30025e-05 1.41335
919 4.06185e-05 -1.3242 0.930261 3.29062e-05 1.41018
920 5.97142e-05 -1.00276 0.931284 3.30005e-05 1.41417
921 8.29395e-05 0.237705 0.932307 3.3029e-05 1.41541
922 4.77152e-05 -1.50668 0.93333 3.31745e-05 1.42238
923 3.24515e-05 -3.55533 0.934353 3.33982e-05 1.43167
924 6.88107e-05 -4.67676 0.935376 3.37418e-05 1.44563
925 9.4314e-05 -1.06044 0.936398 3.35285e-05 1.43722
926 8.47561e-06 -1.60008 0.937421 3.34379e-05 1.43493
927 -5.8453e-05 -6.44927 0.938444 3.36046e-05 1.44232
928 6.03005e-06 -5.40986 0.939466 3.38188e-05 1.45113
929 6.10133e-05 -1.73513 0.940489 3.37547e-05 1.44681
930 7.40251e-05 2.80646 0.941511 3.36745e-05 1.44397
931 7.67728e-05 0.927276 0.942533 3.37991e-05 1.44951
932 -1.94146e-05 -1.35284 0.943555 3.37382e-05 1.44799
933 -4.69541e-05 -2.04414 0.944578 3.38503e-05 1.45213
934 2.85747e-05 0.987995 0.9456 3.39499e-05 1.4558
935 8.8594e-05 4.09734 0.946622 3.39861e-05 1.45985
936 4.16869e-05 2.70483 0.947643 3.41289e-05 1.46705
937 9.22961e-06 0.254438 0.948665 3.41632e-05 1.46681
938 -4.04872e-05 -1.95983 0.949687 3.42342e-05 1.47032
939 -5.56568e-05 -1.86356 0.950709 3.42792e-05 1.47245
940 -1.88112e-05 -0.63435 0.95173 3.44115e-05 1.47815
941 3.20505e-06 0.152816 0.952752 3.44783e-05 1.48107
942 1.13387e-05 0.357061 0.953773 3.46131e-05 1.48731
943 2.9251e-05 1.34446 0.954794 3.47555e-05 1.49402
944 1.1648e-05 -1.03932 0.955816 3.48273e-05 1.49775
945 1.68424e-05 -1.60842 0.956837 3.49167e-05 1.50158
946 6.17705e-05 0.126161 0.957858 3.49968e-05 1.50387
947 9.69719e-05 4.14958 0.958879 3.50515e-05 1.50592
948 8.54357e-05 6.80017 0.9599 3.52285e-05 1.51523
949 5.9283e-05 2.10849 0.960921 3.50899e-05 1.50806
950 4.85278e-05 0.0993144 0.961941 3.52833e-05 1.51602
