240 0.0190845 -10.8416 0.221252 0.000178046 0.485005
241 0.0182578 -1.2949 0.222314 0.000172506 0.47085
242 0.0172882 -1.53269 0.223375 0.000170115 0.471496
243 0.0166518 -4.46132 0.224436 0.000169116 0.476084
244 0.0157133 -5.40563 0.225498 0.0001668 0.47781
245 0.0148381 -3.12056 0.226559 0.000163119 0.474045
246 0.0136884 -1.98794 0.22762 0.000159263 0.471529
247 0.0127978 -2.80876 0.228681 0.000156831 0.472685
248 0.0121552 -1.27408 0.229742 0.000154147 0.470951
249 0.0113376 -0.177005 0.230803 0.000150691 0.46934
250 0.0106843 -0.135013 0.231864 0.000147745 0.469234
251 0.0100717 -1.07475 0.232925 0.00014569 0.470358
252 0.00943589 -1.57686 0.233985 0.000143287 0.470831
253 0.00927315 -2.84241 0.235046 0.000142156 0.472938
254 0.00897061 -0.543245 0.236107 0.000139133 0.47
255 0.00836577 0.275262 0.237167 0.000136093 0.468331
256 0.00741406 0.188614 0.238228 0.000132306 0.467235
257 0.00695778 -2.75663 0.239288 0.00013104 0.47146
258 0.00622789 -5.14906 0.240349 0.000128791 0.47505
259 0.00517715 -7.3232 0.241409 0.000125044 0.476685
260 0.00495831 -3.23526 0.242469 0.0001214 0.469738
261 0.00462301 -2.80383 0.243529 0.000118332 0.468058
262 0.00423189 0.292742 0.24459 0.000114505 0.463966
263 0.00394342 -0.295954 0.24565 0.000112474 0.464608
264 0.00371196 -5.90883 0.24671 0.000112246 0.472825
265 0.00325269 -5.05722 0.24777 0.000108761 0.470057
266 0.00276426 -4.24038 0.24883 0.000105313 0.467717
267 0.00250534 -3.06952 0.24989 0.000102437 0.465826
268 0.00224744 -4.0264 0.250949 0.00010035 0.466363
269 0.00222243 -3.78374 0.252009 9.83157e-05 0.465617
270 0.00211956 -3.13655 0.253069 9.57303e-05 0.463744
271 0.00193241 -0.613586 0.254129 9.26549e-05 0.460553
272 0.00177538 -3.79658 0.255188 9.10534e-05 0.463818
273 0.00157909 -7.05834 0.256248 8.94237e-05 0.46762
274 0.00130508 -9.23733 0.257307 8.74557e-05 0.470338
275 0.00109314 -7.00918 0.258367 8.4366e-05 0.465849
276 0.00112654 -5.11668 0.259426 8.23162e-05 0.46329
277 0.000961297 -4.98752 0.260485 8.00816e-05 0.462164
278 0.000741664 -1.92967 0.261545 7.67025e-05 0.456891
279 0.000633247 -1.64815 0.262604 7.43813e-05 0.456201
280 0.000497893 -1.44922 0.263663 7.20467e-05 0.454631
281 0.000441706 -2.90912 0.264722 7.03146e-05 0.45457
282 0.000567273 -5.46426 0.265781 6.9482e-05 0.45807
283 0.000427252 -7.045 0.266841 6.75456e-05 0.459284
284 0.000158291 -4.54413 0.2679 6.44668e-05 0.454419
285 0.000130286 -5.33105 0.268958 6.31364e-05 0.455135
286 6.28107e-05 -7.95875 0.270017 6.17379e-05 0.458144
287 0.000200804 -6.18473 0.271076 6.01061e-05 0.454856
288 0.000201903 -6.1635 0.272135 5.83804e-05 0.453791
289 0.000149578 -7.02037 0.273194 5.66459e-05 0.453744
290 9.51138e-05 -8.09008 0.274252 5.53227e-05 0.454988
291 0.000271584 -10.0631 0.275311 5.50546e-05 0.458881
292 0.000365634 -11.4779 0.27637 5.41746e-05 0.460819
293 0.000303225 -9.01264 0.277428 5.20316e-05 0.455518
294 0.000398523 -9.26174 0.278487 5.11121e-05 0.455738
295 0.000526974 -9.86545 0.279545 5.04562e-05 0.456925
296 0.000516555 -11.9257 0.280604 4.94211e-05 0.459174
297 0.000528486 -11.2022 0.281662 4.81417e-05 0.457342
298 0.000723677 -8.35362 0.28272 4.732e-05 0.453408
299 0.000906857 -6.29863 0.283779 4.65439e-05 0.450569
300 0.00114605 -1.95001 0.284837 4.58813e-05 0.446396
301 0.00129671 -5.26771 0.285895 4.5936e-05 0.450881
302 0.0013685 -10.0953 0.286953 4.59865e-05 0.458064
303 0.00150909 -11.7681 0.288011 4.60614e-05 0.461842
304 0.00152321 -7.81422 0.289069 4.50511e-05 0.456062
305 0.00161488 -6.67024 0.290127 4.47691e-05 0.455724
306 0.00179381 -8.53567 0.291185 4.51468e-05 0.459483
307 0.00185065 -9.43493 0.292243 4.51019e-05 0.461641
308 0.00194221 -9.26422 0.293301 4.50516e-05 0.462153
309 0.00212961 -11.4656 0.294359 4.57094e-05 0.467352
310 0.00229964 -10.2567 0.295416 4.59755e-05 0.467218
311 0.00246015 -9.74464 0.296474 4.62683e-05 0.467878
312 0.00273753 -9.4403 0.297532 4.7062e-05 0.470098
313 0.00292283 -9.18568 0.298589 4.76574e-05 0.472086
314 0.0029842 -7.28743 0.299647 4.76476e-05 0.470351
315 0.00318279 -6.90887 0.300704 4.8169e-05 0.471664
316 0.00339639 -4.22928 0.301762 4.85852e-05 0.469956
317 0.00341551 -4.16796 0.302819 4.87583e-05 0.471178
318 0.0035604 -5.11179 0.303877 4.94212e-05 0.475335
319 0.0038207 -7.41758 0.304934 5.03529e-05 0.480856
320 0.00395537 -7.5871 0.305991 5.09152e-05 0.483141
321 0.00420152 -9.11313 0.307049 5.18435e-05 0.488165
322 0.00427679 -10.823 0.308106 5.24358e-05 0.492895
323 0.0044516 -6.24283 0.309163 5.24982e-05 0.487873
324 0.00456472 -6.62452 0.31022 5.29511e-05 0.490366
325 0.00456492 -7.65844 0.311277 5.33734e-05 0.494195
326 0.0047085 -9.58042 0.312334 5.40276e-05 0.499184
327 0.00498434 -6.99954 0.313391 5.44546e-05 0.497644
328 0.00512827 -5.39872 0.314448 5.47283e-05 0.497245
329 0.00527821 -3.43888 0.315505 5.5031e-05 0.496683
330 0.00549328 -7.5436 0.316562 5.61146e-05 0.506114
331 0.00570632 -8.56714 0.317619 5.66803e-05 0.50975
332 0.00586315 -4.21093 0.318675 5.65909e-05 0.505022
333 0.00588527 -3.15284 0.319732 5.65804e-05 0.50529
334 0.00599385 -2.68905 0.320789 5.67255e-05 0.506541
335 0.00613505 -1.52743 0.321845 5.69239e-05 0.506278
336 0.00614019 -3.28462 0.322902 5.70898e-05 0.509957
337 0.00615061 -3.47709 0.323959 5.69844e-05 0.511025
338 0.0061319 -3.16585 0.325015 5.68578e-05 0.511584
339 0.00641776 -3.35396 0.326072 5.74881e-05 0.515239
340 0.00656926 -2.97931 0.327128 5.77368e-05 0.517147
341 0.00642129 -3.70098 0.328184 5.75187e-05 0.519474
342 0.00625098 -4.17197 0.329241 5.71251e-05 0.520726
343 0.00633861 -2.50242 0.330297 5.6879e-05 0.519097
344 0.00648484 -0.67416 0.331353 5.6747e-05 0.517838
345 0.00654033 -5.07895 0.332409 5.71071e-05 0.526135
346 0.00658587 -8.4773 0.333466 5.73619e-05 0.533113
347 0.00648036 -4.89053 0.334522 5.64108e-05 0.526939
348 0.0064137 -5.73628 0.335578 5.61226e-05 0.529015
349 0.00636411 -4.16818 0.336634 5.55219e-05 0.526716
350 0.00633305 -2.19884 0.33769 5.49459e-05 0.524109
351 0.00622658 -3.9395 0.338746 5.46309e-05 0.527397
352 0.00614357 -5.82232 0.339802 5.43171e-05 0.530724
353 0.00605061 -7.08461 0.340858 5.38767e-05 0.532756
354 0.00588915 -6.92057 0.341913 5.32015e-05 0.532433
355 0.0058224 -3.76782 0.342969 5.23904e-05 0.527671
356 0.00586236 -3.45371 0.344025 5.2044e-05 0.528023
357 0.00583305 -4.51572 0.345081 5.17484e-05 0.530654
358 0.00572044 -5.4537 0.346136 5.12074e-05 0.532128
359 0.00568656 -4.55332 0.347192 5.05622e-05 0.53053
360 0.00566795 -4.10319 0.348247 5.00026e-05 0.529881
361 0.00556647 -3.65779 0.349303 4.93553e-05 0.529295
362 0.00547369 -5.02135 0.350358 4.883e-05 0.53128
363 0.00535638 -6.14506 0.351414 4.82414e-05 0.532799
364 0.00524922 -3.4189 0.352469 4.72982e-05 0.527903
365 0.00518619 -2.92084 0.353525 4.66518e-05 0.526994
366 0.00514589 -3.75024 0.35458 4.61497e-05 0.528283
367 0.00513843 -7.26504 0.355635 4.59233e-05 0.534027
368 0.00501724 -7.42378 0.35669 4.51385e-05 0.533162
369 0.00476888 -3.03781 0.357745 4.37636e-05 0.524311
370 0.00462336 -1.16838 0.358801 4.28908e-05 0.52097
371 0.00462561 -0.733959 0.359856 4.23988e-05 0.520626
372 0.0046127 -4.69925 0.360911 4.22039e-05 0.527198
373 0.0045917 -8.94685 0.361966 4.1978e-05 0.533841
374 0.00447168 -7.18919 0.363021 4.11205e-05 0.530325
375 0.00438091 -7.9765 0.364076 4.05677e-05 0.531521
376 0.00418259 -6.04407 0.365131 3.94986e-05 0.526571
377 0.0040091 -9.26599 0.366185 3.88811e-05 0.530198
378 0.00391763 -5.52882 0.36724 3.78538e-05 0.522603
379 0.00390419 -3.57508 0.368295 3.71746e-05 0.51889
380 0.00377226 -5.25352 0.36935 3.65746e-05 0.520569
381 0.0037352 -3.99823 0.370404 3.59538e-05 0.518108
382 0.00364858 -6.50358 0.371459 3.54705e-05 0.521007
383 0.00360587 -8.01269 0.372513 3.50645e-05 0.523117
384 0.00353473 -9.04059 0.373568 3.45525e-05 0.523948
385 0.00343676 -6.83525 0.374623 3.38353e-05 0.519763
386 0.00336757 -4.30289 0.375677 3.31094e-05 0.514712
387 0.00331783 -5.28201 0.376731 3.26878e-05 0.515721
388 0.00326874 -4.37275 0.377786 3.21858e-05 0.514024
389 0.00308976 -3.7739 0.37884 3.15182e-05 0.512116
390 0.00308849 -3.2008 0.379894 3.12156e-05 0.511761
391 0.00300309 -4.91752 0.380949 3.09336e-05 0.514743
392 0.00290185 -6.61655 0.382003 3.05296e-05 0.516413
393 0.00287642 -6.0443 0.383057 3.00918e-05 0.514334
394 0.00281306 -3.80776 0.384111 2.9593e-05 0.510235
395 0.00266937 -2.39759 0.385165 2.90503e-05 0.507283
396 0.00257524 -4.2526 0.386219 2.88439e-05 0.510344
397 0.00254601 -2.43921 0.387273 2.85684e-05 0.507973
398 0.00249839 -1.14169 0.388327 2.82972e-05 0.506189
399 0.00241028 -4.81423 0.389381 2.83017e-05 0.512686
400 0.00223291 -5.45163 0.390435 2.78286e-05 0.511911
401 0.00217414 -3.6174 0.391489 2.75214e-05 0.508781
402 0.00207143 -3.44447 0.392542 2.73033e-05 0.50871
403 0.00200199 -3.41393 0.393596 2.72091e-05 0.509555
404 0.00187412 -5.82667 0.39465 2.7131e-05 0.513636
405 0.00181385 -5.34283 0.395704 2.70417e-05 0.513721
406 0.00174948 -4.62614 0.396757 2.68963e-05 0.512908
407 0.00172574 -4.02575 0.397811 2.68379e-05 0.512535
408 0.00164069 -1.22339 0.398864 2.65736e-05 0.508698
409 0.0014941 -1.50198 0.399918 2.63861e-05 0.509436
410 0.00139204 -2.76555 0.400971 2.6303e-05 0.512046
411 0.00135925 -2.8696 0.402024 2.62865e-05 0.51235
412 0.00125361 -4.06571 0.403078 2.62563e-05 0.514557
413 0.00115622 -6.07324 0.404131 2.62362e-05 0.517952
414 0.00109811 -5.48206 0.405184 2.61743e-05 0.517932
415 0.000994477 -4.3272 0.406238 2.60085e-05 0.516618
416 0.000938287 -4.88232 0.407291 2.60399e-05 0.5186
417 0.000904945 -3.56168 0.408344 2.59479e-05 0.517171
418 0.000871208 -5.65184 0.409397 2.61151e-05 0.521773
419 0.000808361 -4.85904 0.41045 2.59693e-05 0.520673
420 0.000733809 -2.9948 0.411503 2.57956e-05 0.518515
421 0.000612469 -3.32091 0.412556 2.55692e-05 0.518958
422 0.000593349 -4.81335 0.413609 2.56641e-05 0.522053
423 0.000598356 -5.12818 0.414662 2.57748e-05 0.524009
424 0.000572283 -2.47464 0.415715 2.5627e-05 0.521321
425 0.000454299 0.779154 0.416767 2.5136e-05 0.516651
426 0.000375157 0.469754 0.41782 2.49761e-05 0.517665
427 0.000330644 -8.11555 0.418873 2.55618e-05 0.530665
428 0.000326966 -8.3994 0.419925 2.56115e-05 0.532168
429 0.000356664 -6.31582 0.420978 2.55829e-05 0.530397
430 0.000326534 -4.40775 0.422031 2.53904e-05 0.528423
431 0.000263863 -5.52656 0.423083 2.53591e-05 0.530425
432 0.000169963 -10.1051 0.424136 2.54678e-05 0.538071
433 0.000118914 -10.4939 0.425188 2.52947e-05 0.538279
434 0.000170412 -6.14404 0.42624 2.50661e-05 0.53248
435 0.000219341 -5.23792 0.427293 2.51561e-05 0.533289
436 0.000227094 -4.71226 0.428345 2.51077e-05 0.533094
437 0.000190879 -5.99333 0.429397 2.50464e-05 0.535299
438 0.000147684 -2.54906 0.43045 2.4613e-05 0.530142
439 5.28e-05 -4.14068 0.431502 2.44696e-05 0.531826
440 -2.98566e-06 -8.20881 0.432554 2.46262e-05 0.539269
441 7.58042e-05 -9.57213 0.433606 2.49337e-05 0.544458
442 0.000124043 -8.55614 0.434658 2.4939e-05 0.544471
443 0.000105751 -8.08812 0.43571 2.4724e-05 0.543416
444 0.000174628 -5.41411 0.436762 2.46016e-05 0.54052
445 0.000229998 -4.86727 0.437814 2.46161e-05 0.541018
446 0.000209547 -4.17583 0.438866 2.44164e-05 0.539981
447 0.000168619 -5.79016 0.439918 2.43793e-05 0.543204
448 0.000174676 -7.29659 0.440969 2.43866e-05 0.546462
449 0.000217442 -9.11604 0.442021 2.44658e-05 0.550393
450 0.000277888 -7.53586 0.443073 2.43569e-05 0.54869
451 0.000320428 -7.70057 0.444124 2.43727e-05 0.550649
452 0.000340405 -6.9331 0.445176 2.42751e-05 0.550311
453 0.000373672 -6.95354 0.446228 2.42448e-05 0.551564
454 0.000418431 -4.19464 0.447279 2.39861e-05 0.547698
455 0.000454961 -4.845 0.44833 2.39995e-05 0.549609
456 0.000487994 -7.85551 0.449382 2.42117e-05 0.55694
457 0.000478445 -9.85003 0.450433 2.41216e-05 0.559997
458 0.000505749 -11.6549 0.451485 2.40868e-05 0.563079
459 0.000569307 -11.7335 0.452536 2.40678e-05 0.564322
460 0.000639823 -10.7573 0.453587 2.40017e-05 0.563903
461 0.000667419 -9.57733 0.454638 2.38907e-05 0.563373
462 0.000657483 -10.5205 0.455689 2.38198e-05 0.565898
463 0.000679976 -11.0373 0.456741 2.37071e-05 0.566941
464 0.000742718 -8.81681 0.457792 2.34265e-05 0.562473
465 0.000775231 -9.96464 0.458843 2.33681e-05 0.564684
466 0.000800048 -12.2706 0.459894 2.34124e-05 0.569568
467 0.000855379 -11.1921 0.460945 2.33654e-05 0.569659
468 0.000943493 -10.0598 0.461995 2.34051e-05 0.570484
469 0.000978546 -7.49447 0.463046 2.31778e-05 0.566843
470 0.0010046 -6.2242 0.464097 2.29742e-05 0.564788
471 0.00105262 -6.92436 0.465148 2.29509e-05 0.56688
472 0.00111835 -5.81338 0.466198 2.2937e-05 0.567227
473 0.00108525 -6.43626 0.467249 2.27472e-05 0.567907
474 0.00106548 -9.20805 0.4683 2.26902e-05 0.572369
475 0.00122085 -10.3816 0.46935 2.29032e-05 0.576779
476 0.00126925 -9.13667 0.470401 2.27678e-05 0.575218
477 0.00125836 -6.8232 0.471451 2.24602e-05 0.570803
478 0.00126242 -7.05384 0.472502 2.2367e-05 0.571849
479 0.00132236 -7.24824 0.473552 2.23884e-05 0.573739
480 0.00145741 -7.4465 0.474602 2.26077e-05 0.577673
481 0.00152245 -8.13892 0.475653 2.2667e-05 0.580493
482 0.00151277 -6.9556 0.476703 2.24261e-05 0.577677
483 0.00152518 -8.43266 0.477753 2.24732e-05 0.581745
484 0.00161665 -8.73625 0.478803 2.26331e-05 0.585331
485 0.00166388 -8.84004 0.479853 2.26347e-05 0.586623
486 0.00173708 -5.3178 0.480903 2.25477e-05 0.582633
487 0.00182773 -3.50743 0.481953 2.26168e-05 0.582541
488 0.00189633 -4.45921 0.483003 2.27623e-05 0.586561
489 0.00191349 -5.10367 0.484053 2.28378e-05 0.589867
490 0.00191222 -6.223 0.485103 2.29175e-05 0.593902
491 0.00195291 -2.20968 0.486153 2.27646e-05 0.588292
492 0.00204631 -1.26316 0.487203 2.28922e-05 0.589555
493 0.00209703 -4.77797 0.488252 2.32177e-05 0.599146
494 0.00213838 -5.39527 0.489302 2.33709e-05 0.603062
495 0.00218316 -2.85462 0.490352 2.33623e-05 0.601055
496 0.00221879 -0.53106 0.491401 2.33328e-05 0.598881
497 0.00223251 -3.21058 0.492451 2.35264e-05 0.605621
498 0.00225484 -2.76467 0.4935 2.35891e-05 0.606956
499 0.00223992 -1.60117 0.49455 2.35393e-05 0.606076
500 0.00224395 -1.18676 0.495599 2.35984e-05 0.607599
501 0.00230959 -4.55823 0.496649 2.39791e-05 0.61753
502 0.00234273 -3.23645 0.497698 2.39874e-05 0.616704
503 0.00235326 -1.10284 0.498747 2.3952e-05 0.61472
504 0.00238602 -2.36991 0.499796 2.41942e-05 0.62073
505 0.00241497 -0.693188 0.500845 2.42386e-05 0.620397
506 0.00242972 -0.336741 0.501895 2.43266e-05 0.622282
507 0.00244591 -2.19985 0.502944 2.45452e-05 0.628618
508 0.00248761 -1.13488 0.503993 2.46302e-05 0.629425
509 0.0024715 -2.15656 0.505042 2.4679e-05 0.632185
510 0.00247842 -0.0951071 0.506091 2.46479e-05 0.630459
511 0.00246981 2.07714 0.507139 2.46322e-05 0.629267
512 0.00247753 2.32969 0.508188 2.4733e-05 0.631768
513 0.00243606 1.48069 0.509237 2.47494e-05 0.634276
514 0.00243067 -1.12723 0.510286 2.49273e-05 0.640931
515 0.00242463 -5.28429 0.511334 2.52142e-05 0.651095
516 0.0024317 -4.42164 0.512383 2.52763e-05 0.65249
517 0.00245637 0.343741 0.513432 2.50979e-05 0.645529
518 0.002441 1.28422 0.51448 2.49994e-05 0.643921
519 0.00243362 0.908268 0.515529 2.50453e-05 0.646305
520 0.00242979 -1.08913 0.516577 2.52346e-05 0.652979
521 0.00240617 2.15096 0.517625 2.50409e-05 0.64785
522 0.00233951 3.86436 0.518674 2.48509e-05 0.644759
523 0.00229505 -0.00561515 0.519722 2.4991e-05 0.652688
524 0.00229228 2.41458 0.52077 2.4832e-05 0.648663
525 0.00226103 1.30823 0.521819 2.481e-05 0.650832
526 0.00224434 3.81765 0.522867 2.46298e-05 0.64659
527 0.00219872 1.16055 0.523915 2.46972e-05 0.652232
528 0.00211215 -1.73887 0.524963 2.47408e-05 0.658301
529 0.00206018 -2.90543 0.526011 2.47231e-05 0.661139
530 0.00208841 0.0438319 0.527059 2.46124e-05 0.657453
531 0.00209231 -0.733404 0.528107 2.47265e-05 0.661959
532 0.00200029 0.36768 0.529155 2.44727e-05 0.658775
533 0.00195139 1.06326 0.530202 2.42656e-05 0.656159
534 0.0019543 4.0559 0.53125 2.40606e-05 0.650907
535 0.00193494 1.46258 0.532298 2.41396e-05 0.656604
536 0.00188427 -2.23204 0.533345 2.42481e-05 0.664375
537 0.0018421 -1.11112 0.534393 2.41331e-05 0.663473
538 0.00183163 3.7884 0.535441 2.38046e-05 0.654398
539 0.00181043 0.73797 0.536488 2.38642e-05 0.660181
540 0.00171352 -3.15337 0.537536 2.38346e-05 0.666017
541 0.00161417 -1.59238 0.538583 2.35291e-05 0.661694
542 0.0016106 -0.452709 0.53963 2.34841e-05 0.661727
543 0.00162991 0.00534273 0.540678 2.34642e-05 0.66243
544 0.00158654 -1.34059 0.541725 2.33658e-05 0.663913
545 0.0015316 -1.00817 0.542772 2.31818e-05 0.662439
546 0.00145987 -2.90605 0.543819 2.31104e-05 0.665511
547 0.0014629 -0.806782 0.544866 2.29346e-05 0.661819
548 0.00149239 -0.336926 0.545913 2.29375e-05 0.662911
549 0.00139569 -0.438371 0.54696 2.26682e-05 0.660636
550 0.00132766 -0.726378 0.548007 2.25465e-05 0.661333
551 0.0012643 -1.61367 0.549054 2.24116e-05 0.662114
552 0.00120405 -3.13205 0.550101 2.22895e-05 0.663557
553 0.0011951 -4.47269 0.551148 2.23216e-05 0.667436
554 0.00116709 -3.26621 0.552195 2.21069e-05 0.664103
555 0.00112937 -3.40062 0.553241 2.19779e-05 0.663926
556 0.00109293 -2.77417 0.554288 2.18135e-05 0.662323
557 0.00108692 0.0403415 0.555335 2.15991e-05 0.657279
558 0.00108645 -0.422778 0.556381 2.15838e-05 0.659225
559 0.00103777 -2.16867 0.557428 2.15478e-05 0.662607
560 0.000987317 -4.83494 0.558474 2.15077e-05 0.666598
561 0.000960255 -3.01264 0.559521 2.12906e-05 0.662586
562 0.000924731 -1.22007 0.560567 2.10738e-05 0.658732
563 0.000861132 -4.12461 0.561613 2.10029e-05 0.662397
564 0.000857207 -5.16189 0.562659 2.10088e-05 0.665241
565 0.000852051 -0.0413823 0.563706 2.06204e-05 0.654724
566 0.00086726 3.12621 0.564752 2.04628e-05 0.650337
567 0.000843387 3.30928 0.565798 2.03413e-05 0.64912
568 0.000791266 3.32706 0.566844 2.01956e-05 0.648398
569 0.000740244 2.33179 0.56789 2.00583e-05 0.648723
570 0.000717405 0.0249682 0.568936 2.01111e-05 0.653214
571 0.000696418 0.640151 0.569982 2.00135e-05 0.652443
572 0.00065182 0.0434673 0.571027 1.98896e-05 0.652462
573 0.000657804 1.45706 0.572073 1.97905e-05 0.650361
574 0.000595179 -1.20067 0.573119 1.97773e-05 0.654876
575 0.000527349 -3.81305 0.574165 1.97672e-05 0.659593
576 0.00051706 0.0971469 0.57521 1.95093e-05 0.651974
577 0.000503164 1.85079 0.576256 1.93904e-05 0.649346
578 0.00049455 1.57678 0.577301 1.93796e-05 0.650777
579 0.000508928 3.62563 0.578347 1.93048e-05 0.649385
580 0.000456399 5.15362 0.579392 1.90934e-05 0.647057
581 0.000456813 3.26532 0.580438 1.91358e-05 0.649301
582 0.000433513 -0.425928 0.581483 1.92469e-05 0.655275
583 0.000378744 -2.6031 0.582528 1.92451e-05 0.658933
584 0.000351926 -4.11771 0.583573 1.92702e-05 0.662278
585 0.000346622 -3.61921 0.584618 1.92387e-05 0.662342
586 0.000328479 -0.498825 0.585664 1.90385e-05 0.657244
587 0.000334484 0.486142 0.586709 1.90253e-05 0.657727
588 0.000334979 3.10061 0.587754 1.89338e-05 0.656455
589 0.000292863 1.69584 0.588798 1.8919e-05 0.658443
590 0.000246686 0.450545 0.589843 1.88656e-05 0.658879
591 0.000261983 2.77502 0.590888 1.88621e-05 0.65921
592 0.000267146 0.86614 0.591933 1.90252e-05 0.662788
593 0.000249622 -0.607343 0.592978 1.91228e-05 0.667291
594 0.00021397 2.05401 0.594022 1.89376e-05 0.663869
595 0.000178327 -0.829838 0.595067 1.90243e-05 0.667164
596 0.000152864 -1.52437 0.596111 1.90289e-05 0.668787
597 0.000117557 -0.804413 0.597156 1.89209e-05 0.667781
598 7.78523e-05 -3.24462 0.5982 1.89584e-05 0.671302
599 9.33729e-05 -3.75328 0.599245 1.90819e-05 0.675107
600 0.000102784 -3.17178 0.600289 1.91069e-05 0.675932
601 0.00011642 0.566351 0.601333 1.90099e-05 0.672963
602 9.63672e-05 -0.491201 0.602378 1.90596e-05 0.676013
603 0.000107551 -2.30139 0.603422 1.92379e-05 0.681543
604 9.59736e-05 -2.67018 0.604466 1.93147e-05 0.684045
605 8.05438e-05 -2.11908 0.60551 1.93204e-05 0.685259
606 8.51861e-05 -6.11201 0.606554 1.95827e-05 0.694599
607 8.46099e-05 -2.26885 0.607598 1.93059e-05 0.686145
608 9.03269e-05 -2.26087 0.608642 1.93689e-05 0.68811
609 8.2182e-05 3.05716 0.609686 1.91922e-05 0.686454
610 2.83765e-05 0.283776 0.61073 1.91978e-05 0.687114
611 4.91382e-05 -2.21707 0.611773 1.94316e-05 0.693272
612 4.43115e-05 -6.46203 0.612817 1.97174e-05 0.703886
613 -4.46684e-06 -4.11688 0.613861 1.94345e-05 0.696643
614 -9.00146e-06 -2.63205 0.614904 1.94367e-05 0.697528
615 8.46254e-06 -2.20052 0.615948 1.95086e-05 0.700487
616 3.92831e-05 -2.65416 0.616991 1.95868e-05 0.701856
617 7.619e-05 0.384617 0.618035 1.95727e-05 0.701952
618 8.30958e-05 1.26699 0.619078 1.95768e-05 0.702946
619 3.85048e-05 0.0888153 0.620121 1.95568e-05 0.704175
620 4.36569e-05 0.650123 0.621164 1.9609e-05 0.705579
621 1.92069e-05 -1.86096 0.622208 1.96343e-05 0.708089
622 -3.45502e-05 0.527055 0.623251 1.97017e-05 0.711179
623 1.25197e-05 0.478093 0.624294 1.96687e-05 0.711234
624 7.32157e-06 -1.13151 0.625337 1.97368e-05 0.71499
625 1.76631e-05 0.209409 0.62638 1.97104e-05 0.715547
626 5.18986e-05 -0.224093 0.627423 1.97994e-05 0.716707
627 3.77629e-05 1.95725 0.628466 1.97876e-05 0.717935
628 -5.46794e-06 0.77509 0.629508 1.98001e-05 0.718966
629 -3.98023e-07 0.105245 0.630551 1.98377e-05 0.720919
630 1.32588e-06 -2.43327 0.631594 1.98786e-05 0.724341
631 -1.41461e-05 -2.43403 0.632636 1.9865e-05 0.725059
632 7.49694e-06 -0.977008 0.633679 1.98331e-05 0.724836
633 4.69715e-06 1.71767 0.634722 1.98487e-05 0.726484
634 5.99863e-06 4.06791 0.635764 1.99744e-05 0.73174
635 3.21664e-05 3.72637 0.636806 1.9959e-05 0.732261
636 2.63805e-05 1.57168 0.637849 1.98988e-05 0.731064
637 3.72415e-05 1.2837 0.638891 1.99115e-05 0.732342
638 7.19059e-05 1.40994 0.639933 1.99784e-05 0.735352
639 7.36564e-05 2.07934 0.640975 1.99203e-05 0.735594
640 9.93888e-05 1.83084 0.642018 1.99837e-05 0.737011
641 8.32444e-05 -0.724614 0.64306 2.00774e-05 0.740154
642 2.97548e-05 -2.94463 0.644102 2.00562e-05 0.74319
643 3.11366e-05 -1.68419 0.645144 1.99833e-05 0.741569
644 5.27315e-05 1.57512 0.646185 2.00208e-05 0.74335
645 6.76981e-05 3.56634 0.647227 2.0027e-05 0.745446
646 7.10928e-05 0.321514 0.648269 2.00203e-05 0.745334
647 5.91899e-05 -3.06713 0.649311 2.01561e-05 0.750389
648 2.12312e-05 -4.92234 0.650352 2.02068e-05 0.75441
649 2.9766e-05 -1.88861 0.651394 2.007e-05 0.75029
650 5.72289e-05 0.319365 0.652436 2.00225e-05 0.749765
651 6.78253e-05 3.86976 0.653477 2.00025e-05 0.752017
652 0.000107675 4.04708 0.654519 2.00711e-05 0.754501
653 7.60764e-05 3.00755 0.65556 2.00903e-05 0.754603
654 6.07149e-05 3.62851 0.656601 2.00591e-05 0.756677
655 5.11977e-05 1.05202 0.657642 2.00293e-05 0.755879
656 5.00028e-05 -1.82845 0.658684 2.01849e-05 0.761679
657 3.97841e-05 -4.18673 0.659725 2.02981e-05 0.766724
658 5.24848e-05 -3.35537 0.660766 2.03289e-05 0.768438
659 8.40725e-05 -3.9137 0.661807 2.04785e-05 0.772976
660 9.36015e-05 -0.630119 0.662848 2.03113e-05 0.768063
661 6.77672e-05 1.30382 0.663889 2.01432e-05 0.764428
662 6.70861e-05 -0.434544 0.66493 2.0199e-05 0.767566
663 0.000101474 1.83125 0.66597 2.02304e-05 0.769717
664 8.60009e-05 0.876674 0.667011 2.0253e-05 0.770599
665 5.00671e-05 -1.06668 0.668052 2.02415e-05 0.772289
666 3.53929e-05 -1.58872 0.669092 2.02683e-05 0.774717
667 3.07322e-05 -1.83681 0.670133 2.0288e-05 0.775927
668 5.35648e-05 -0.209089 0.671173 2.03189e-05 0.776517
669 7.92171e-05 0.171582 0.672214 2.03681e-05 0.779351
670 5.97344e-05 -0.354265 0.673254 2.03592e-05 0.780765
671 4.50518e-05 -1.93165 0.674295 2.04302e-05 0.784352
672 5.26571e-05 -0.871596 0.675335 2.03774e-05 0.783427
673 6.97853e-05 -0.973092 0.676375 2.04581e-05 0.786224
674 6.35238e-05 -3.96448 0.677415 2.06528e-05 0.793977
675 4.47661e-05 -3.28678 0.678455 2.05891e-05 0.79307
676 3.77562e-05 -1.33904 0.679495 2.05448e-05 0.79182
677 3.2759e-05 0.206379 0.680535 2.04852e-05 0.790675
678 8.19505e-05 0.242604 0.681575 2.0627e-05 0.794912
679 0.000104332 0.60832 0.682615 2.07076e-05 0.797507
680 0.000113042 3.31778 0.683655 2.0635e-05 0.797233
681 0.000103499 2.87715 0.684694 2.06573e-05 0.799462
682 7.16317e-05 -0.257208 0.685734 2.07479e-05 0.802506
683 5.21942e-05 -1.60259 0.686774 2.0818e-05 0.805976
684 7.75079e-05 2.01258 0.687813 2.07637e-05 0.804929
685 4.4709e-05 1.09398 0.688853 2.07563e-05 0.805391
686 4.89792e-05 1.54203 0.689892 2.08603e-05 0.810183
687 6.29555e-05 2.47955 0.690931 2.0907e-05 0.812659
688 1.71708e-05 1.85308 0.691971 2.09704e-05 0.816091
689 3.16088e-05 2.71818 0.69301 2.10126e-05 0.818058
690 6.77343e-05 1.61992 0.694049 2.10108e-05 0.817712
691 8.20431e-05 -0.310522 0.695088 2.11624e-05 0.821928
692 4.92678e-05 0.407867 0.696127 2.1143e-05 0.823275
693 4.40417e-05 1.31995 0.697166 2.11668e-05 0.824549
694 5.57003e-05 -0.538909 0.698205 2.11975e-05 0.825383
695 1.73094e-05 -4.20218 0.699244 2.13258e-05 0.832443
696 -4.86132e-06 -4.49184 0.700283 2.13426e-05 0.834284
697 -1.5788e-05 -2.13315 0.701322 2.12695e-05 0.832238
698 -1.78153e-05 -4.63343 0.70236 2.1461e-05 0.839714
699 4.32734e-05 -2.1472 0.703399 2.14984e-05 0.840621
700 6.71132e-05 -1.28409 0.704437 2.15745e-05 0.842926
701 0.000115959 -1.4803 0.705476 2.17815e-05 0.84816
702 7.05108e-05 1.21217 0.706514 2.15244e-05 0.841733
703 -1.538e-05 -0.2556 0.707553 2.15342e-05 0.843829
704 -2.15429e-05 -1.01866 0.708591 2.16232e-05 0.846183
705 5.81246e-06 0.80215 0.709629 2.16445e-05 0.849165
706 1.36028e-05 -1.16523 0.710667 2.16931e-05 0.851984
707 1.18342e-05 -1.76668 0.711706 2.17475e-05 0.855355
708 5.04277e-05 -2.37751 0.712744 2.19074e-05 0.859476
709 7.00011e-05 -1.06304 0.713782 2.18589e-05 0.857837
710 4.05479e-05 -0.325213 0.71482 2.18741e-05 0.85959
711 5.11468e-05 -2.35911 0.715857 2.20995e-05 0.867874
712 -1.11626e-05 -3.94353 0.716895 2.20105e-05 0.867754
713 1.01297e-06 -1.35007 0.717933 2.19562e-05 0.865902
714 6.18997e-05 -1.60003 0.718971 2.21327e-05 0.871055
715 0.000128694 5.31776 0.720008 2.21546e-05 0.874815
716 0.000113048 6.12519 0.721046 2.21883e-05 0.878593
717 8.88211e-05 4.58665 0.722083 2.21825e-05 0.877737
718 1.86728e-05 5.23254 0.723121 2.24231e-05 0.886648
719 1.86949e-05 4.49702 0.724158 2.2405e-05 0.88709
720 2.64664e-05 3.6702 0.725195 2.23406e-05 0.885063
721 3.7946e-05 2.82183 0.726233 2.23526e-05 0.884956
722 7.33359e-05 3.2068 0.72727 2.24185e-05 0.887243
723 4.25298e-05 1.77975 0.728307 2.2373e-05 0.886212
724 1.6554e-06 2.19401 0.729344 2.24199e-05 0.889788
725 1.56399e-05 2.67 0.730381 2.24453e-05 0.892048
726 4.14363e-06 -1.96503 0.731418 2.25012e-05 0.893688
727 -4.63261e-06 -3.40446 0.732455 2.25699e-05 0.897589
728 -5.89678e-05 -4.68334 0.733492 2.25639e-05 0.899621
729 -6.42654e-05 -4.16627 0.734528 2.2587e-05 0.900116
730 -5.41441e-05 -2.01397 0.735565 2.26015e-05 0.899014
731 -3.22286e-06 -1.99113 0.736602 2.26882e-05 0.90455
732 5.64027e-05 -0.64814 0.737638 2.27803e-05 0.907785
733 7.56742e-05 1.15789 0.738675 2.27582e-05 0.907285
734 8.16965e-05 2.28634 0.739711 2.28089e-05 0.909971
735 5.20728e-05 -0.451818 0.740747 2.28993e-05 0.914111
736 1.68451e-05 -0.619581 0.741784 2.28836e-05 0.915231
737 1.00401e-05 -0.308069 0.74282 2.28898e-05 0.915558
738 -6.3245e-05 -3.95205 0.743856 2.29481e-05 0.918957
739 -2.30591e-06 -2.49384 0.744892 2.30422e-05 0.922834
740 4.02781e-06 -3.00421 0.745928 2.3172e-05 0.928102
741 -2.91409e-05 -4.33932 0.746964 2.31612e-05 0.929674
742 -4.08805e-05 -4.22663 0.748 2.3152e-05 0.93002
743 -2.23791e-05 -2.26154 0.749036 2.31515e-05 0.928713
744 -1.03621e-05 -3.19932 0.750072 2.32658e-05 0.934497
745 2.48716e-05 -2.75217 0.751107 2.33591e-05 0.938793
746 1.61932e-05 -0.136399 0.752143 2.32688e-05 0.936607
747 3.54934e-05 0.0135708 0.753179 2.32411e-05 0.936029
748 3.51131e-05 -0.140099 0.754214 2.33271e-05 0.938828
749 5.30398e-06 -0.391855 0.75525 2.33841e-05 0.942379
750 -2.28834e-05 -1.64681 0.756285 2.35072e-05 0.946932
751 -5.43168e-05 -2.95614 0.75732 2.34543e-05 0.946167
752 -4.99578e-05 -1.71434 0.758355 2.3444e-05 0.945939
753 -3.83842e-05 0.979045 0.759391 2.35952e-05 0.952631
754 -1.93524e-05 0.372434 0.760426 2.36185e-05 0.954743
755 1.54979e-05 2.54256 0.761461 2.36344e-05 0.956713
756 3.42921e-05 2.45458 0.762496 2.36494e-05 0.957507
757 2.66673e-05 5.60127 0.763531 2.3907e-05 0.968624
758 4.70609e-05 5.82472 0.764566 2.38803e-05 0.969351
759 1.66801e-05 2.45985 0.7656 2.38278e-05 0.96648
760 2.07914e-05 1.0286 0.766635 2.38312e-05 0.966111
761 4.63518e-05 0.647345 0.76767 2.39172e-05 0.969819
762 5.20071e-05 1.61914 0.768704 2.39212e-05 0.969838
763 5.39916e-05 0.90081 0.769739 2.40077e-05 0.974033
764 5.04792e-05 -0.489482 0.770773 2.41258e-05 0.979038
765 2.29231e-05 -3.2478 0.771808 2.42366e-05 0.984056
766 7.86106e-05 -0.442976 0.772842 2.42715e-05 0.984206
767 5.21624e-05 2.05979 0.773876 2.41714e-05 0.98351
768 -1.02788e-05 1.27789 0.77491 2.41936e-05 0.984543
769 1.18772e-05 1.59035 0.775945 2.42277e-05 0.98594
770 4.39746e-05 1.23313 0.776979 2.42968e-05 0.988637
771 4.47942e-05 -0.0588509 0.778013 2.43897e-05 0.992613
772 6.37753e-05 0.740468 0.779046 2.44771e-05 0.996488
773 6.10077e-05 2.03986 0.78008 2.44925e-05 0.998536
774 5.70193e-05 1.80199 0.781114 2.45026e-05 0.999255
775 0.000132358 1.66771 0.782148 2.47302e-05 1.00579
776 0.000154366 -0.124968 0.783181 2.49216e-05 1.01245
777 0.000128621 -3.33128 0.784215 2.51544e-05 1.02326
778 3.75042e-05 -3.42247 0.785249 2.4852e-05 1.01485
779 6.77284e-05 3.33333 0.786282 2.48004e-05 1.01521
780 8.24028e-05 4.18393 0.787315 2.48715e-05 1.01825
781 7.36786e-05 0.988063 0.788349 2.49252e-05 1.01835
782 9.26526e-05 0.142863 0.789382 2.5053e-05 1.02183
783 0.000108606 -0.519438 0.790415 2.52179e-05 1.02875
784 4.27179e-05 -1.7143 0.791448 2.51629e-05 1.0285
785 8.39352e-07 -2.18073 0.792481 2.51859e-05 1.0305
786 2.14125e-05 -4.14051 0.793514 2.54049e-05 1.03982
787 5.93716e-05 -2.55926 0.794547 2.54609e-05 1.04287
788 6.92018e-05 1.71046 0.79558 2.52858e-05 1.03657
789 9.83343e-05 3.61569 0.796613 2.53553e-05 1.03901
790 1.99602e-05 -0.851013 0.797645 2.54017e-05 1.04174
791 -5.52561e-06 -0.858748 0.798678 2.54669e-05 1.04528
792 -1.77252e-05 -1.49704 0.799711 2.54659e-05 1.04639
793 -1.85093e-05 -3.91666 0.800743 2.56013e-05 1.05218
794 -9.91165e-07 -3.54428 0.801776 2.57129e-05 1.05695
795 4.88598e-05 0.493083 0.802808 2.56994e-05 1.05552
796 6.0947e-05 1.5918 0.80384 2.57563e-05 1.05776
797 7.2073e-05 1.06202 0.804872 2.58703e-05 1.06209
798 4.58896e-05 2.44022 0.805905 2.58469e-05 1.063
799 3.71735e-05 1.60218 0.806937 2.58913e-05 1.06579
800 5.57995e-05 3.43194 0.807969 2.59352e-05 1.06818
801 3.48604e-05 0.534684 0.809001 2.60152e-05 1.07194
802 4.41788e-05 -0.157236 0.810032 2.61525e-05 1.07646
803 5.9639e-05 -1.56236 0.811064 2.6301e-05 1.08184
804 6.6137e-05 -0.643698 0.812096 2.63194e-05 1.08277
805 6.81389e-05 0.522478 0.813128 2.62764e-05 1.08196
806 3.93299e-05 -3.50553 0.814159 2.65505e-05 1.09388
807 4.16254e-05 -4.27619 0.815191 2.66904e-05 1.09967
808 3.21167e-05 -3.28441 0.816222 2.66316e-05 1.0981
809 7.69229e-05 1.54613 0.817254 2.64754e-05 1.09312
810 8.55309e-05 0.178729 0.818285 2.66456e-05 1.09796
811 9.22451e-05 1.47757 0.819316 2.66498e-05 1.09866
812 0.000158067 6.7766 0.820347 2.67353e-05 1.10472
813 0.000214756 8.09589 0.821378 2.68199e-05 1.10689
814 0.000134821 2.6394 0.822409 2.68632e-05 1.10853
815 0.000105137 0.840734 0.82344 2.69791e-05 1.11371
816 9.49805e-05 3.90925 0.824471 2.69021e-05 1.11167
817 6.14347e-05 2.76544 0.825502 2.69581e-05 1.11407
818 2.41711e-05 1.13398 0.826533 2.70207e-05 1.11833
819 4.77266e-05 1.5735 0.827563 2.7088e-05 1.12068
820 3.66169e-05 2.02216 0.828594 2.70605e-05 1.12122
821 7.00252e-06 3.84855 0.829625 2.72678e-05 1.12938
822 1.02503e-05 3.66233 0.830655 2.7294e-05 1.1309
823 -1.77158e-05 -0.427083 0.831685 2.73009e-05 1.13064
824 -1.7546e-05 2.6145 0.832716 2.73877e-05 1.13574
825 5.95081e-05 5.74363 0.833746 2.74932e-05 1.14228
826 7.87044e-05 7.81118 0.834776 2.76732e-05 1.15014
827 2.37485e-05 5.00287 0.835806 2.76141e-05 1.14643
828 -2.2604e-05 1.56209 0.836836 2.76096e-05 1.14539
829 -2.80624e-05 2.50024 0.837866 2.77813e-05 1.15209
830 -3.66734e-05 -1.07298 0.838896 2.76666e-05 1.14884
831 -3.26516e-05 -1.39152 0.839926 2.77993e-05 1.15416
832 -2.28876e-05 1.7813 0.840956 2.78652e-05 1.15715
833 -1.35682e-05 2.15736 0.841985 2.79303e-05 1.16179
834 -2.21405e-05 -0.828703 0.843015 2.79468e-05 1.16303
835 -1.11337e-05 -1.28641 0.844045 2.79825e-05 1.16452
836 2.48817e-05 0.335942 0.845074 2.80452e-05 1.16666
837 9.69394e-06 -2.84363 0.846103 2.81753e-05 1.17203
838 -1.29611e-05 -3.22777 0.847133 2.82477e-05 1.17527
839 -1.41015e-05 -3.90541 0.848162 2.83468e-05 1.18126
840 -3.8509e-05 -5.24438 0.849191 2.84903e-05 1.18734
841 1.83737e-05 -3.58104 0.85022 2.85813e-05 1.18918
842 3.40243e-05 -0.592939 0.851249 2.847e-05 1.18605
843 4.63877e-06 0.177926 0.852278 2.84743e-05 1.18776
844 9.55694e-07 0.15482 0.853307 2.85757e-05 1.19031
845 2.4821e-05 -1.32264 0.854336 2.869e-05 1.19495
846 3.78525e-05 -1.59836 0.855365 2.87639e-05 1.19865
847 2.07802e-05 1.18746 0.856393 2.88213e-05 1.20184
848 9.2407e-06 2.77762 0.857422 2.89534e-05 1.2075
849 -4.05343e-05 -1.74379 0.85845 2.88584e-05 1.20364
850 -4.25169e-05 -5.25398 0.859479 2.90609e-05 1.21378
851 -7.29234e-05 -6.23293 0.860507 2.91226e-05 1.21647
852 1.62027e-06 -3.0323 0.861536 2.91198e-05 1.21609
853 -5.47108e-07 0.71703 0.862564 2.91325e-05 1.21694
854 3.99507e-06 3.08143 0.863592 2.92515e-05 1.22304
855 5.03175e-05 2.88715 0.86462 2.93075e-05 1.22565
856 2.19324e-05 2.51954 0.865648 2.93596e-05 1.22823
857 3.97101e-06 1.61936 0.866676 2.94051e-05 1.2297
858 -8.88647e-06 -0.306476 0.867704 2.94482e-05 1.23125
859 2.13043e-05 -0.185777 0.868732 2.94637e-05 1.23199
860 5.56135e-05 3.57407 0.869759 2.95566e-05 1.23685
861 -2.55185e-05 -0.568649 0.870787 2.96283e-05 1.2413
862 -6.63354e-05 -3.30221 0.871815 2.97482e-05 1.24687
863 -1.84721e-05 -0.967084 0.872842 2.97519e-05 1.24654
864 -7.17427e-05 -1.72368 0.873869 2.98651e-05 1.25037
865 -0.000103191 -2.63752 0.874897 3.00075e-05 1.25513
866 -5.66348e-05 -0.648187 0.875924 3.00389e-05 1.25687
867 -2.93304e-05 -2.48649 0.876951 3.00463e-05 1.25856
868 2.00002e-05 1.63924 0.877978 3.01226e-05 1.26207
869 7.28025e-05 7.0982 0.879005 3.03564e-05 1.27382
870 5.50134e-05 5.70746 0.880032 3.03261e-05 1.27283
871 4.48659e-05 4.46848 0.881059 3.03536e-05 1.27345
872 3.76744e-05 2.08842 0.882086 3.03855e-05 1.27399
873 -4.78158e-05 -2.14525 0.883113 3.04922e-05 1.27862
874 -8.14323e-05 -5.98071 0.884139 3.06762e-05 1.28864
875 -7.22504e-05 -6.35519 0.885166 3.08039e-05 1.29335
876 3.29694e-05 -7.2635 0.886193 3.13393e-05 1.31374
877 5.44735e-06 -4.51859 0.887219 3.09694e-05 1.29859
878 -4.75753e-05 -2.98838 0.888245 3.07856e-05 1.29152
879 -2.65183e-05 1.47436 0.889272 3.09871e-05 1.29953
880 6.84806e-05 0.482121 0.890298 3.10332e-05 1.30128
881 2.56935e-05 -3.28495 0.891324 3.12827e-05 1.31257
882 -6.08582e-05 -6.38745 0.89235 3.1361e-05 1.31838
883 -2.46535e-05 -4.54003 0.893376 3.15377e-05 1.32473
884 -2.38086e-05 -2.90951 0.894402 3.13941e-05 1.31897
885 5.93327e-05 0.360393 0.895428 3.13551e-05 1.31597
886 6.71897e-05 -1.89245 0.896454 3.16263e-05 1.32751
887 3.42384e-05 -6.76039 0.897479 3.21422e-05 1.34935
888 -1.76541e-05 -4.78401 0.898505 3.1794e-05 1.33618
889 1.54097e-05 -2.4077 0.89953 3.16869e-05 1.33096
890 9.60585e-05 -1.23911 0.900556 3.19975e-05 1.34215
891 5.93823e-05 0.29833 0.901581 3.1819e-05 1.33652
892 1.66141e-05 -2.05042 0.902607 3.20203e-05 1.34642
893 -4.72567e-05 -4.49949 0.903632 3.2007e-05 1.3476
894 -2.65239e-05 0.204184 0.904657 3.1931e-05 1.34401
895 2.45237e-05 1.72205 0.905682 3.20378e-05 1.34704
896 1.45724e-05 -1.23361 0.906707 3.21637e-05 1.35285
897 -3.77598e-06 -2.37447 0.907732 3.22735e-05 1.35626
898 5.30251e-05 -1.53461 0.908757 3.23842e-05 1.36113
899 3.095e-05 -0.491709 0.909782 3.24005e-05 1.36193
900 4.15681e-05 -0.553395 0.910806 3.25315e-05 1.36863
901 1.16121e-05 -0.768529 0.911831 3.25317e-05 1.36948
902 9.68146e-06 -1.58429 0.912855 3.25905e-05 1.37128
903 1.54411e-05 -4.35784 0.91388 3.2989e-05 1.38854
904 4.80664e-05 -5.07472 0.914904 3.33422e-05 1.40221
905 5.51433e-05 -2.65541 0.915929 3.31085e-05 1.39257
906 3.26619e-05 -0.606613 0.916953 3.28954e-05 1.38433
907 6.618e-05 3.20578 0.917977 3.2989e-05 1.38879
908 0.000109426 7.12468 0.919001 3.31619e-05 1.39816
909 4.24489e-05 4.02683 0.920025 3.31533e-05 1.3973
910 -5.37548e-05 -3.05084 0.921049 3.3252e-05 1.40251
911 -3.23936e-05 -5.07474 0.922073 3.34803e-05 1.41164
912 -1.36464e-05 -3.61643 0.923097 3.34616e-05 1.41097
913 5.41268e-06 -1.76444 0.92412 3.34858e-05 1.41131
914 -1.37774e-06 -2.39859 0.925144 3.36082e-05 1.41672
915 7.14331e-06 -1.58282 0.926167 3.36542e-05 1.41881
916 2.12384e-05 -3.05953 0.927191 3.38364e-05 1.42573
917 9.74977e-05 -1.15509 0.928214 3.40883e-05 1.43458
918 5.80946e-05 -2.38194 0.929238 3.40991e-05 1.43583
919 4.19597e-05 -1.29595 0.930261 3.40009e-05 1.43262
920 6.17554e-05 -0.958434 0.931284 3.40997e-05 1.43671
921 8.58142e-05 0.300835 0.932307 3.41307e-05 1.43801
922 4.93193e-05 -1.47241 0.93333 3.42824e-05 1.44514
923 3.34965e-05 -3.53392 0.934353 3.45146e-05 1.45461
924 7.1179e-05 -4.62517 0.935376 3.48704e-05 1.46881
925 9.76392e-05 -0.986554 0.936398 3.46516e-05 1.46031
926 8.90709e-06 -1.58803 0.937421 3.45596e-05 1.45801
927 -6.03313e-05 -6.48754 0.938444 3.47331e-05 1.46554
928 6.27927e-06 -5.40365 0.939466 3.49558e-05 1.47454
929 6.30788e-05 -1.69096 0.940489 3.48905e-05 1.4702
930 7.6398e-05 2.85458 0.941511 3.48088e-05 1.46734
931 7.92761e-05 0.97887 0.942533 3.49392e-05 1.47301
932 -2.00405e-05 -1.36559 0.943555 3.48772e-05 1.47148
933 -4.85529e-05 -2.07841 0.944578 3.49942e-05 1.47572
934 2.94953e-05 1.0067 0.9456 3.50984e-05 1.4795
935 9.15072e-05 4.15768 0.946622 3.51373e-05 1.48362
936 4.30023e-05 2.73091 0.947643 3.52884e-05 1.49103
937 9.49285e-06 0.259062 0.948665 3.53246e-05 1.49083
938 -4.19194e-05 -1.99146 0.949687 3.53995e-05 1.49444
939 -5.76532e-05 -1.90814 0.950709 3.54473e-05 1.49663
940 -1.94267e-05 -0.646974 0.95173 3.55854e-05 1.50246
941 3.33895e-06 0.156157 0.952752 3.56536e-05 1.50539
942 1.17012e-05 0.364318 0.953773 3.57942e-05 1.51177
943 3.02805e-05 1.36703 0.954794 3.59428e-05 1.51861
944 1.21445e-05 -1.02679 0.955816 3.60184e-05 1.52243
945 1.74815e-05 -1.59355 0.956837 3.6112e-05 1.52636
946 6.3986e-05 0.175413 0.957858 3.61961e-05 1.52874
947 0.000100391 4.22445 0.958879 3.62539e-05 1.53086
948 8.84013e-05 6.86416 0.9599 3.64384e-05 1.54034
949 6.13626e-05 2.15375 0.960921 3.6296e-05 1.53309
950 5.01938e-05 0.134846 0.961941 3.64973e-05 1.54122
