250 394.421 9.31061 0.232325 0.843388 0.460099
251 370.588 2.99499 0.233386 0.843578 0.460444
252 345.888 -3.1441 0.234447 0.84258 0.460761
253 327.221 -1.71179 0.235507 0.840434 0.461053
254 306.27 0.401602 0.236568 0.837181 0.461318
255 283.009 -0.794428 0.237628 0.832865 0.461557
256 263.415 -4.62061 0.238689 0.82753 0.461771
257 247.065 -0.788358 0.239749 0.821219 0.461958
258 232.779 -0.612549 0.24081 0.813974 0.46212
259 214.633 1.63412 0.24187 0.80584 0.462257
260 197.44 -0.493344 0.24293 0.796858 0.462367
261 181.684 -3.7736 0.243991 0.787074 0.462452
262 167.453 -7.3382 0.245051 0.776529 0.462512
263 153.808 -8.67001 0.246111 0.765264 0.462546
264 141.452 -4.05174 0.247171 0.753322 0.462554
265 127.857 -3.08594 0.248231 0.740742 0.462537
266 116.264 -9.07245 0.249291 0.727566 0.462493
267 106.306 -13.7374 0.250351 0.713834 0.462424
268 95.49 -10.3638 0.25141 0.699578 0.462328
269 87.8737 -8.57142 0.25247 0.684839 0.462206
270 78.5312 -8.69013 0.25353 0.66965 0.462057
271 70.7373 -6.56948 0.254589 0.654048 0.46188
272 63.3026 -3.15851 0.255649 0.638064 0.461676
273 57.3252 -3.40588 0.256709 0.621733 0.461444
274 51.5141 -4.66187 0.257768 0.605084 0.461183
275 46.142 -6.58512 0.258827 0.588146 0.460893
276 40.6356 -7.96798 0.259887 0.570947 0.460573
277 36.8995 -7.96497 0.260946 0.553513 0.460222
278 32.276 -3.67237 0.262005 0.535871 0.459839
279 28.353 -4.88784 0.263065 0.518039 0.459423
280 24.5217 -2.42107 0.264124 0.500043 0.458974
281 20.5936 0.790615 0.265183 0.481904 0.458488
282 15.9798 -0.870261 0.266242 0.463637 0.457966
283 13.77 -7.77314 0.267301 0.445258 0.457405
284 12.4639 -10.3145 0.26836 0.426783 0.456803
285 11.1984 -8.37265 0.269419 0.408224 0.456157
286 10.3468 -9.39508 0.270478 0.389592 0.455466
287 9.94417 -11.6772 0.271537 0.370895 0.454725
288 10.0943 -10.4011 0.272595 0.352142 0.453931
289 10.0887 -8.56616 0.273654 0.333341 0.453079
290 9.55112 -12.1854 0.274713 0.314505 0.452166
291 10.1387 -13.4607 0.275771 0.295656 0.451187
292 11.5631 -16.7241 0.27683 0.276838 0.450139
293 13.2182 -17.6892 0.277889 0.258131 0.449024
294 15.1493 -18.4403 0.278947 0.239714 0.447854
295 16.9514 -18.9524 0.280006 0.221673 0.446621
296 20.129 -23.0634 0.281064 0.204421 0.445375
297 23.4903 -18.8764 0.282122 0.188274 0.444146
298 26.1017 -17.5552 0.283181 0.173616 0.44298
299 28.8965 -18.5849 0.284239 0.16081 0.441925
300 32.3091 -23.6174 0.285297 0.150149 0.441029
301 34.9355 -21.7934 0.286355 0.141838 0.440329
302 38.2486 -26.6703 0.287413 0.135986 0.43985
303 41.2176 -27.603 0.288471 0.132635 0.439611
304 44.906 -27.1309 0.289529 0.131782 0.439622
305 49.4574 -31.3999 0.290587 0.133402 0.439887
306 53.8665 -30.0135 0.291645 0.137453 0.440406
307 58.3402 -22.6011 0.292703 0.14386 0.441172
308 62.424 -20.2823 0.293761 0.152504 0.442173
309 67.7698 -28.2869 0.294819 0.163192 0.443384
310 74.404 -28.1259 0.295876 0.175647 0.44477
311 81.3392 -26.6969 0.296934 0.189509 0.446286
312 88.0884 -20.3462 0.297992 0.204387 0.447887
313 94.2444 -16.1468 0.299049 0.2198 0.449512
314 101.932 -24.2953 0.300107 0.235424 0.451135
315 108.961 -21.0289 0.301164 0.250923 0.452718
316 117.435 -20.4028 0.302222 0.266064 0.454243
317 123.774 -16.7801 0.303279 0.280689 0.4557
318 130.479 -17.2519 0.304337 0.294708 0.457085
319 138.165 -14.5217 0.305394 0.308067 0.458397
320 144.6 -14.9279 0.306451 0.32075 0.459641
321 152.055 -18.8485 0.307508 0.332753 0.46082
322 158.588 -21.0398 0.308566 0.344084 0.461937
323 164.896 -21.6859 0.309623 0.354758 0.463
324 169.726 -21.2617 0.31068 0.364789 0.46401
325 175.156 -16.7433 0.311737 0.374193 0.464971
326 180.589 -13.7173 0.312794 0.382985 0.465886
327 184.904 -10.827 0.313851 0.391182 0.466758
328 187.159 -9.21831 0.314908 0.3988 0.467588
329 191.998 -14.0843 0.315965 0.405853 0.46838
330 196.063 -13.8435 0.317022 0.412357 0.469135
331 198.199 -12.0787 0.318078 0.418328 0.469855
332 200.721 -14.2154 0.319135 0.42378 0.470541
333 203.874 -10.0314 0.320192 0.428727 0.471194
334 206.376 -5.43362 0.321248 0.433184 0.471816
335 206.702 -4.19717 0.322305 0.437166 0.472408
336 208.165 -4.5757 0.323362 0.440687 0.472972
337 209.922 -10.8416 0.324418 0.443761 0.473506
338 212.273 -11.747 0.325475 0.446402 0.474014
339 214.103 -11.0936 0.326531 0.448621 0.474495
340 214.174 -4.55274 0.327587 0.450436 0.47495
341 214.315 -8.98701 0.328644 0.451857 0.47538
342 214.257 -10.523 0.3297 0.452899 0.475786
343 215.799 -7.35598 0.330756 0.453575 0.476168
344 215.669 -7.55927 0.331813 0.453895 0.476526
345 215.377 -14.2008 0.332869 0.453875 0.476861
346 215.82 -16.9189 0.333925 0.453525 0.477174
347 214.329 -12.5783 0.334981 0.452859 0.477464
348 212.652 -7.87606 0.336037 0.451887 0.477733
349 210.691 -4.20743 0.337093 0.450622 0.47798
350 209.496 -6.02064 0.338149 0.449074 0.478206
351 209.921 -12.0156 0.339205 0.447256 0.478411
352 211.337 -19.9799 0.340261 0.445177 0.478596
353 209.733 -12.5596 0.341317 0.442848 0.47876
354 208.099 -8.28117 0.342373 0.440281 0.478904
355 205.981 -10.8534 0.343428 0.437484 0.479027
356 204.54 -12.3241 0.344484 0.434467 0.479131
357 203.06 -11.4801 0.34554 0.431241 0.479214
358 200.228 -11.063 0.346595 0.427814 0.479278
359 196.841 -2.9068 0.347651 0.424194 0.479322
360 195.259 -5.12143 0.348706 0.420392 0.479346
361 194.456 -12.6399 0.349762 0.416414 0.47935
362 191.228 -8.78429 0.350817 0.41227 0.479334
363 187.727 -4.83406 0.351873 0.407965 0.479298
364 185.794 -7.62362 0.352928 0.403508 0.479242
365 183.884 -10.1799 0.353983 0.398907 0.479166
366 182.092 -14.9682 0.355039 0.394166 0.479069
367 180.754 -16.4762 0.356094 0.389294 0.478951
368 179.846 -17.2434 0.357149 0.384294 0.478811
369 177.048 -13.8054 0.358204 0.379174 0.47865
370 173.914 -12.2209 0.359259 0.373938 0.478467
371 170.252 -7.94941 0.360315 0.368591 0.478262
372 168.681 -8.74675 0.36137 0.363138 0.478033
373 166.14 -8.48157 0.362425 0.357582 0.47778
374 163.866 -8.47198 0.36348 0.351929 0.477503
375 162.744 -9.38097 0.364534 0.346181 0.4772
376 160.837 -4.89006 0.365589 0.340343 0.476871
377 158.818 -7.11577 0.366644 0.334418 0.476514
378 156.515 -5.66926 0.367699 0.328413 0.476129
379 155.656 -6.80863 0.368754 0.322333 0.475716
380 153.759 -7.09246 0.369808 0.316188 0.475273
381 153.523 -0.393524 0.370863 0.309993 0.474801
382 153.483 0.519379 0.371918 0.303768 0.474301
383 151.861 1.73365 0.372972 0.297542 0.473776
384 149.335 3.3656 0.374027 0.291356 0.47323
385 147.687 0.798368 0.375081 0.285266 0.472671
386 147.629 -4.40575 0.376136 0.279341 0.472108
387 147.209 -5.96491 0.37719 0.273668 0.471555
388 145.999 -2.7929 0.378244 0.268347 0.471029
389 144.952 3.37728 0.379299 0.263487 0.470549
390 142.984 4.34288 0.380353 0.259202 0.470137
391 140.954 3.81348 0.381407 0.255606 0.469814
392 139.235 3.67898 0.382461 0.252799 0.469602
393 136.682 2.15975 0.383515 0.250868 0.469519
394 135.293 4.53963 0.38457 0.249872 0.46958
395 131.102 3.98957 0.385624 0.249846 0.469794
396 127.101 1.6931 0.386678 0.250792 0.470166
397 124.982 3.7967 0.387732 0.252682 0.470694
398 121.606 7.07901 0.388785 0.255458 0.471368
399 118.447 7.57849 0.389839 0.259034 0.472176
400 114.644 6.7841 0.390893 0.263304 0.4731
401 110.166 2.97502 0.391947 0.268142 0.474117
402 105.476 4.64999 0.393001 0.273419 0.475206
403 101.748 3.69002 0.394054 0.279002 0.476344
404 96.9759 1.40206 0.395108 0.284768 0.477508
405 91.4421 3.61383 0.396162 0.290605 0.478681
406 87.3949 3.27725 0.397215 0.296417 0.479848
407 83.8996 4.9385 0.398269 0.302127 0.480995
408 79.9763 4.70246 0.399322 0.307677 0.482114
409 75.2857 2.87482 0.400376 0.313027 0.483199
410 70.5512 0.574331 0.401429 0.318146 0.484248
411 66.6727 -1.05913 0.402483 0.323019 0.485259
412 61.6516 3.44573 0.403536 0.327638 0.486231
413 57.0372 1.06298 0.404589 0.332003 0.487165
414 54.4061 -5.46795 0.405642 0.336116 0.488063
415 50.6187 -8.41541 0.406696 0.339982 0.488926
416 47.0732 -1.58687 0.407749 0.34361 0.489755
417 43.7214 -2.86644 0.408802 0.347006 0.490553
418 40.4215 -4.40273 0.409855 0.350181 0.491321
419 37.0081 -1.94037 0.410908 0.353141 0.492062
420 34.0139 -5.43732 0.411961 0.355895 0.492775
421 31.3453 -8.18613 0.413014 0.358452 0.493463
422 27.9086 -6.4414 0.414067 0.360819 0.494127
423 25.1838 -5.97322 0.41512 0.363004 0.494768
424 23.6093 -9.74883 0.416172 0.365013 0.495387
425 22.0884 -9.62803 0.417225 0.366854 0.495985
426 20.2194 -12.4423 0.418278 0.368532 0.496563
427 17.6629 -10.5315 0.419331 0.370055 0.497122
428 15.8166 -8.94883 0.420383 0.371429 0.497662
429 14.4604 -7.2199 0.421436 0.372658 0.498185
430 14.0998 -5.03381 0.422488 0.373749 0.498691
431 12.8399 -9.60995 0.423541 0.374707 0.49918
432 11.7051 -6.6198 0.424593 0.375538 0.499653
433 11.3246 -6.36181 0.425646 0.376246 0.500112
434 10.6968 -11.2402 0.426698 0.376836 0.500555
435 10.4228 -11.7303 0.42775 0.377313 0.500984
436 11.1557 -12.0049 0.428803 0.377682 0.5014
437 10.8438 -15.3207 0.429855 0.377947 0.501802
438 11.009 -19.9771 0.430907 0.378112 0.502191
439 10.0761 -17.2829 0.431959 0.378182 0.502568
440 9.57119 -16.3916 0.433011 0.378161 0.502932
441 10.1943 -18.5762 0.434064 0.378053 0.503285
442 9.63113 -16.2126 0.435116 0.377861 0.503626
443 8.736 -11.834 0.436168 0.377591 0.503956
444 9.47318 -12.7109 0.437219 0.377244 0.504276
445 9.47816 -13.3489 0.438271 0.376826 0.504585
446 10.4405 -11.9301 0.439323 0.37634 0.504884
447 11.7402 -13.1574 0.440375 0.375788 0.505173
448 11.5452 -14.6784 0.441427 0.375176 0.505453
449 12.0802 -14.747 0.442478 0.374506 0.505723
450 13.816 -17.0291 0.44353 0.373781 0.505985
451 15.9556 -19.4649 0.444582 0.373005 0.506238
452 17.402 -17.8998 0.445633 0.372181 0.506483
453 18.0497 -12.9645 0.446685 0.371312 0.50672
454 18.4792 -10.2653 0.447736 0.370402 0.506949
455 19.0716 -9.62401 0.448788 0.369454 0.507171
456 19.6918 -8.0642 0.449839 0.368471 0.507385
457 21.9939 -15.7067 0.450891 0.367455 0.507593
458 24.4812 -21.5127 0.451942 0.366411 0.507794
459 24.9685 -16.3731 0.452993 0.365342 0.50799
460 25.8372 -15.7604 0.454044 0.364249 0.508179
461 27.7616 -18.5507 0.455095 0.363138 0.508363
462 29.3933 -16.9685 0.456147 0.362011 0.508542
463 31.2515 -16.4778 0.457198 0.36088 0.508724
464 33.3931 -15.1764 0.458249 0.359732 0.508894
465 35.4492 -14.1705 0.4593 0.358578 0.509061
466 37.4702 -18.8308 0.460351 0.357423 0.509225
467 39.5546 -18.4068 0.461402 0.356271 0.509386
468 40.5685 -12.5565 0.462452 0.355127 0.509546
469 42.2565 -11.2761 0.463503 0.353995 0.509705
470 45.03 -14.3203 0.464554 0.35288 0.509864
471 47.2856 -14.6051 0.465605 0.351789 0.510024
472 49.9115 -12.8073 0.466655 0.350729 0.510187
473 51.6559 -14.246 0.467706 0.349705 0.510353
474 53.5936 -17.4199 0.468757 0.348728 0.510526
475 55.5575 -10.2114 0.469807 0.347805 0.510706
476 57.5399 -4.84061 0.470858 0.346946 0.510895
477 60.089 -7.03386 0.471908 0.346162 0.511097
478 62.6534 -10.8571 0.472958 0.345463 0.511314
479 65.8175 -13.2483 0.474009 0.34486 0.511548
480 69.7984 -13.2139 0.475059 0.344365 0.511802
481 73.716 -13.1273 0.476109 0.343987 0.512079
482 76.8271 -11.3172 0.47716 0.343736 0.512382
483 78.1788 -4.29152 0.47821 0.34362 0.512712
484 81.0112 -4.3399 0.47926 0.343645 0.513072
485 83.5742 -3.11101 0.48031 0.343814 0.513462
486 86.5828 -8.04041 0.48136 0.344127 0.513884
487 89.4533 -5.56702 0.48241 0.344583 0.514337
488 91.6303 -3.52569 0.48346 0.345169 0.514814
489 94.2497 -5.45361 0.48451 0.345893 0.515328
490 97.2001 -6.35427 0.48556 0.346737 0.515869
491 99.4066 -6.12118 0.486609 0.347688 0.516435
492 102.341 -9.29872 0.487659 0.348735 0.517027
493 104.015 0.437363 0.488709 0.34986 0.517635
494 106.637 -1.23648 0.489759 0.351051 0.518259
495 109.18 -5.28004 0.490808 0.352292 0.518896
496 110.355 -1.84068 0.491858 0.353569 0.519542
497 109.435 1.43313 0.492907 0.354868 0.520196
498 111.025 -0.403763 0.493957 0.356178 0.520853
499 112.942 -2.22492 0.495006 0.357488 0.521513
500 113.302 0.569025 0.496056 0.358788 0.522172
501 113.67 4.58284 0.497105 0.360071 0.522829
502 113.475 8.17407 0.498154 0.360713 0.523215
503 114.427 5.85827 0.499203 0.361929 0.523858
504 115.215 3.35898 0.500253 0.363112 0.524496
505 115.327 2.34224 0.501302 0.36426 0.525128
506 114.282 4.42531 0.502351 0.36537 0.525753
507 114.22 3.95777 0.5034 0.36644 0.526371
508 115.143 3.00018 0.504449 0.36747 0.526983
509 114.562 4.9927 0.505498 0.369183 0.527901
510 114.743 5.15225 0.506547 0.370146 0.528505
511 115.096 5.25378 0.507596 0.371069 0.529102
512 114.417 4.89295 0.508644 0.371951 0.529692
513 113.302 4.09442 0.509693 0.372794 0.530275
514 112.686 3.39944 0.510742 0.373597 0.530852
515 110.722 7.93345 0.51179 0.374363 0.531422
516 110.002 5.92422 0.512839 0.375091 0.531986
517 109.613 4.63205 0.513888 0.375784 0.532544
518 108.78 3.92866 0.514936 0.376441 0.533095
519 108.222 3.10461 0.515985 0.377064 0.533641
520 107.827 5.38588 0.517033 0.377654 0.534181
521 106.633 5.07565 0.518081 0.378213 0.534716
522 105.275 6.8415 0.51913 0.378741 0.535246
523 103.559 4.65123 0.520178 0.379239 0.53577
524 101.718 5.56344 0.521226 0.379709 0.53629
525 101.435 1.56088 0.522274 0.380151 0.536806
526 101.099 -1.32345 0.523323 0.380568 0.537316
527 99.4859 1.4111 0.524371 0.380959 0.537823
528 98.0485 7.74782 0.525419 0.381327 0.538326
529 96.3396 7.67627 0.526467 0.381672 0.538824
530 94.3467 10.7707 0.527515 0.381996 0.53932
531 91.9063 9.87721 0.528562 0.382299 0.539812
532 90.3007 7.21048 0.52961 0.382582 0.5403
533 90.6885 0.576157 0.530658 0.382847 0.540786
534 88.4369 2.80704 0.531706 0.383095 0.541268
535 85.124 9.77546 0.532753 0.383327 0.541748
536 84.8032 6.93553 0.533801 0.383543 0.542226
537 83.7753 5.18377 0.534849 0.383746 0.542701
538 82.2556 5.84 0.535896 0.383935 0.543174
539 79.2796 7.36901 0.536944 0.384113 0.543646
540 78.88 1.64765 0.537991 0.38428 0.544115
541 77.5588 -0.984728 0.539038 0.384436 0.544584
542 76.7102 -1.31301 0.540086 0.384584 0.545051
543 76.0009 3.26972 0.541133 0.384724 0.545516
544 74.9927 1.80796 0.54218 0.384857 0.545982
545 72.2117 0.842447 0.543228 0.384984 0.546446
546 70.0778 2.50256 0.544275 0.385105 0.54691
547 68.6606 4.15093 0.545322 0.385223 0.547373
548 67.0383 2.95493 0.546369 0.385338 0.547837
549 65.4363 2.26744 0.547416 0.38545 0.548301
550 63.6756 -1.90848 0.548463 0.385561 0.548765
551 61.3851 -1.12874 0.54951 0.385672 0.549229
552 59.2642 1.18803 0.550556 0.385784 0.549695
553 57.7671 2.87869 0.551603 0.385896 0.550161
554 56.9602 0.864774 0.55265 0.386012 0.550629
555 55.9631 -0.322546 0.553697 0.38613 0.551098
556 54.5441 1.42843 0.554743 0.386253 0.551569
557 54.6421 1.21982 0.55579 0.38638 0.552042
558 52.908 3.31047 0.556836 0.386514 0.552517
559 49.5751 4.34433 0.557883 0.386654 0.552994
560 47.2472 4.02925 0.558929 0.386802 0.553474
561 47.8182 4.42608 0.559976 0.386958 0.553957
562 47.7972 2.50124 0.561022 0.387124 0.554443
563 45.8496 3.98244 0.562068 0.387299 0.554933
564 44.4392 3.20169 0.563114 0.387486 0.555426
565 42.9369 3.98517 0.564161 0.387684 0.555923
566 42.4914 -1.10836 0.565207 0.387894 0.556423
567 40.9067 1.6446 0.566253 0.388117 0.556929
568 39.8363 0.451133 0.567299 0.388353 0.557438
569 37.9636 -2.97663 0.568345 0.388604 0.557953
570 36.8242 -2.40535 0.569391 0.388869 0.558472
571 34.7215 3.68523 0.570436 0.389149 0.558996
572 33.2886 4.73671 0.571482 0.389445 0.559526
573 31.2412 2.23719 0.572528 0.389755 0.560061
574 31.1773 -3.51823 0.573574 0.390082 0.560601
575 31.4633 -2.93613 0.574619 0.390423 0.561147
576 29.4219 3.94428 0.575665 0.39078 0.561698
577 28.9808 5.16835 0.576711 0.391151 0.562254
578 28.0746 0.426959 0.577756 0.391537 0.562816
579 25.9592 2.09133 0.578801 0.391936 0.563383
580 25.2874 1.01451 0.579847 0.392349 0.563954
581 24.3852 1.6894 0.580892 0.392774 0.564531
582 22.4224 1.07622 0.581937 0.39321 0.565113
583 19.4214 3.10571 0.582983 0.393657 0.565698
584 18.1141 3.17824 0.584028 0.394113 0.566288
585 18.0038 5.14092 0.585073 0.394578 0.566882
586 18.7787 4.51757 0.586118 0.395049 0.567479
587 20.3204 -2.73643 0.587163 0.395527 0.568079
588 21.1973 -6.24623 0.588208 0.396011 0.568682
589 18.5274 -1.18789 0.589253 0.396901 0.569626
590 15.9163 0.0233033 0.590298 0.397396 0.570238
591 15.8907 -3.99413 0.591343 0.397893 0.570853
592 15.1296 -2.75699 0.592387 0.398392 0.57147
593 13.3351 -2.43906 0.593432 0.398891 0.572088
594 12.5531 -3.03709 0.594477 0.39939 0.572708
595 11.9065 -1.45415 0.595521 0.399458 0.572965
596 11.1442 1.80356 0.596566 0.39995 0.573583
597 11.4061 -1.28203 0.59761 0.400441 0.574202
598 11.4295 -2.5394 0.598655 0.400929 0.574821
599 7.59125 4.50355 0.599699 0.401414 0.575441
600 5.93624 1.97428 0.600743 0.401896 0.576062
