250 424.458 3.52785 0.23253 1.16509 0.484703
251 389.541 4.1099 0.233591 1.1672 0.485161
252 358.283 3.3486 0.234652 1.16743 0.485584
253 335.974 2.72465 0.235712 1.16585 0.485971
254 313.012 0.301362 0.236773 1.16251 0.486322
255 289.277 -1.14363 0.237834 1.15746 0.486638
256 270.051 -1.63348 0.238894 1.15078 0.486919
257 247.763 -4.90347 0.239954 1.14252 0.487165
258 233.162 -5.59015 0.241015 1.13276 0.487375
259 218.435 -4.66433 0.242075 1.12155 0.487551
260 200.391 -4.82951 0.243135 1.10896 0.487691
261 184.313 -6.13215 0.244196 1.09506 0.487796
262 169.591 -6.71454 0.245256 1.07991 0.487866
263 151.522 -8.55976 0.246316 1.06358 0.487901
264 137.331 -10.3838 0.247376 1.04615 0.487901
265 127.161 -10.5244 0.248436 1.02766 0.487865
266 115.699 -10.643 0.249496 1.00818 0.487792
267 106.569 -9.9693 0.250555 0.987791 0.487684
268 97.6711 -9.01978 0.251615 0.966059 0.487519
269 88.6971 -9.73754 0.252675 0.944031 0.487338
270 79.3053 -11.5595 0.253735 0.921722 0.487141
271 70.6751 -11.1905 0.254794 0.898268 0.486885
272 63.3174 -9.09056 0.255854 0.874195 0.486591
273 59.0197 -6.94479 0.256913 0.84955 0.486259
274 51.2007 -6.77822 0.257973 0.824405 0.485887
275 41.2274 -8.64038 0.259032 0.798804 0.485476
276 37.8516 -9.28155 0.260092 0.772794 0.485023
277 35.0054 -8.61744 0.261151 0.746426 0.484528
278 30.2491 -9.26308 0.26221 0.719749 0.483991
279 26.6937 -11.1933 0.26327 0.692795 0.483408
280 24.6164 -12.3548 0.264329 0.665612 0.48278
281 22.2979 -12.7367 0.265388 0.63824 0.482104
282 17.8998 -14.9293 0.266447 0.610713 0.481377
283 14.8073 -19.177 0.267506 0.583066 0.480599
284 14.9282 -20.1987 0.268565 0.555334 0.479767
285 16.1758 -18.1547 0.269624 0.527534 0.478876
286 13.6322 -18.6656 0.270683 0.499697 0.477922
287 13.3937 -18.6448 0.271741 0.471844 0.476902
288 11.1146 -19.5137 0.2728 0.443992 0.475811
289 11.9095 -19.5462 0.273859 0.416155 0.474641
290 11.2942 -19.1708 0.274918 0.388358 0.473387
291 10.7885 -20.0871 0.275976 0.360624 0.472042
292 11.0731 -22.8321 0.277035 0.333004 0.470598
293 11.1041 -27.5595 0.278093 0.305598 0.469052
294 14.5714 -29.5972 0.279152 0.278582 0.467408
295 18.3176 -28.1215 0.28021 0.252286 0.465689
296 20.5333 -27.8289 0.281269 0.227007 0.463906
297 22.4298 -30.4435 0.282327 0.203384 0.462135
298 25.7938 -31.1743 0.283385 0.18193 0.460433
299 29.5967 -29.3598 0.284443 0.163138 0.458871
300 32.8864 -30.2722 0.285502 0.147355 0.457511
301 36.4455 -33.1782 0.28656 0.134753 0.456401
302 40.7171 -35.0357 0.287618 0.125344 0.455566
303 44.3163 -37.19 0.288676 0.119048 0.455022
304 49.1081 -38.6902 0.289734 0.115748 0.454771
305 53.9887 -39.5222 0.290792 0.115348 0.454817
306 60.121 -39.0952 0.29185 0.117799 0.45516
307 68.1531 -36.8671 0.292908 0.123096 0.455805
308 76.5894 -34.9174 0.293965 0.131258 0.456752
309 86.4257 -32.3076 0.295023 0.142288 0.457997
310 94.9971 -28.0531 0.296081 0.156106 0.459525
311 102.231 -23.9432 0.297139 0.172513 0.461304
312 108.415 -21.4488 0.298196 0.191155 0.463282
313 114.758 -20.9976 0.299254 0.211557 0.4654
314 121.334 -21.3862 0.300311 0.233087 0.467576
315 129.56 -22.8417 0.301369 0.255227 0.469761
316 139.631 -22.7172 0.302426 0.277451 0.4719
317 148.987 -22.1839 0.303484 0.29937 0.473962
318 156.27 -20.8174 0.304541 0.320709 0.475928
319 162.792 -20.0382 0.305598 0.341301 0.477793
320 172.013 -18.1479 0.306656 0.36105 0.479558
321 178.092 -16.9767 0.307713 0.379914 0.481229
322 186.88 -12.0679 0.30877 0.397875 0.482811
323 191.278 -8.76028 0.309827 0.414932 0.484311
324 194.107 -9.42248 0.310884 0.431093 0.485735
325 198.4 -11.0343 0.311941 0.446368 0.487087
326 204.29 -12.9113 0.312998 0.460769 0.488374
327 209.156 -13.855 0.314055 0.474308 0.489599
328 213.883 -14.3182 0.315112 0.486998 0.490765
329 218.365 -14.7975 0.316169 0.498854 0.491875
330 220.575 -15.2663 0.317226 0.509888 0.492932
331 227.312 -13.2938 0.318283 0.520116 0.493939
332 231.191 -10.1206 0.319339 0.529551 0.494897
333 232.899 -9.34186 0.320396 0.538209 0.495809
334 233.558 -11.1756 0.321453 0.546103 0.496675
335 237.21 -10.2989 0.322509 0.553252 0.497498
336 239.427 -8.21648 0.323566 0.55967 0.498279
337 237.388 -10.4166 0.324622 0.565375 0.499019
338 237.146 -14.7875 0.325679 0.570382 0.499719
339 239.815 -16.4895 0.326735 0.574709 0.50038
340 238.961 -18.4079 0.327792 0.578374 0.501004
341 238.726 -19.8405 0.328848 0.581398 0.501591
342 240.21 -18.5781 0.329904 0.583788 0.502141
343 241.56 -15.9235 0.330961 0.585568 0.502655
344 241.856 -13.2384 0.332017 0.586754 0.503134
345 242.192 -11.5901 0.333073 0.587364 0.503578
346 241.469 -11.0889 0.334129 0.587417 0.503988
347 238.291 -10.9365 0.335185 0.586932 0.504366
348 234.42 -10.7322 0.336241 0.585919 0.504709
349 230.779 -11.6567 0.337297 0.584402 0.50502
350 229.606 -10.6065 0.338353 0.582397 0.505299
351 228.565 -10.0106 0.339409 0.579921 0.505545
352 223.844 -11.7902 0.340465 0.57699 0.50576
353 220.492 -11.8504 0.341521 0.57362 0.505942
354 222.999 -7.14143 0.342577 0.569828 0.506094
355 219.045 -5.61602 0.343632 0.565632 0.506214
356 213.212 -7.96913 0.344688 0.561041 0.506302
357 210.196 -9.70644 0.345744 0.556077 0.506358
358 208.529 -8.88175 0.346799 0.550752 0.506384
359 204.597 -9.74635 0.347855 0.54508 0.506377
360 200.431 -11.8016 0.348911 0.539077 0.506339
361 197.202 -11.4635 0.349966 0.532754 0.506269
362 194.557 -9.45775 0.351021 0.526125 0.506167
363 190.048 -9.67908 0.352077 0.519203 0.506032
364 185.388 -12.5751 0.353132 0.512 0.505864
365 183.857 -14.5321 0.354188 0.504527 0.505663
366 182.166 -13.246 0.355243 0.496795 0.505428
367 179.054 -9.82112 0.356298 0.488813 0.505158
368 175.614 -8.27924 0.357353 0.480591 0.504852
369 169.088 -10.8023 0.358408 0.472139 0.50451
370 165.851 -12.3484 0.359464 0.463463 0.50413
371 164.987 -11.4865 0.360519 0.454571 0.503712
372 159.73 -13.0082 0.361574 0.445468 0.503253
373 155.758 -15.5246 0.362629 0.436161 0.502752
374 155.093 -14.3404 0.363684 0.426652 0.502207
375 152.855 -11.927 0.364738 0.416945 0.501617
376 148.58 -10.7542 0.365793 0.407042 0.500978
377 146.757 -8.57914 0.366848 0.396945 0.500288
378 141.926 -7.63238 0.367903 0.386654 0.499544
379 138.721 -5.58663 0.368958 0.376172 0.498742
380 135.637 -4.48804 0.370012 0.365503 0.49788
381 132.209 -5.48958 0.371067 0.354657 0.496954
382 129.52 -6.79984 0.372121 0.343654 0.495963
383 127.736 -7.54252 0.373176 0.332525 0.494908
384 126.127 -9.79136 0.374231 0.321324 0.493792
385 125.344 -11.4237 0.375285 0.31013 0.492621
386 123.617 -12.8293 0.376339 0.29905 0.491411
387 121.621 -12.4645 0.377394 0.288225 0.49018
388 121.073 -9.71059 0.378448 0.277825 0.488957
389 122.838 -6.4205 0.379502 0.26804 0.487772
390 119.889 -6.75804 0.380557 0.259075 0.486665
391 118.65 -7.42205 0.381611 0.25113 0.485675
392 118.28 -6.47631 0.382665 0.244391 0.48484
393 117.522 -4.84441 0.383719 0.239019 0.484196
394 116.147 -3.5059 0.384773 0.23514 0.483775
395 116.768 -2.20943 0.385827 0.232843 0.483598
396 114.907 -1.68918 0.386881 0.232179 0.483683
397 113.296 -0.526783 0.387935 0.233159 0.484037
398 111.153 0.322947 0.388989 0.235758 0.48466
399 109.733 2.71891 0.390043 0.239909 0.485544
400 106.914 2.6564 0.391097 0.24551 0.486673
401 103.927 2.59102 0.392151 0.252416 0.488021
402 101.395 2.83832 0.393205 0.260452 0.489557
403 99.0594 0.998414 0.394258 0.269415 0.491244
404 96.8524 1.2862 0.395312 0.279084 0.493042
405 93.427 3.34554 0.396366 0.289233 0.49491
406 88.3771 3.5618 0.397419 0.299645 0.496809
407 82.2149 1.33558 0.398473 0.310122 0.498707
408 76.6167 -0.929122 0.399526 0.320499 0.500576
409 74.7959 -0.161221 0.40058 0.330642 0.502396
410 70.4664 -0.257367 0.401633 0.340453 0.504153
411 63.8051 -2.66907 0.402686 0.349864 0.505839
412 58.5707 -7.96272 0.40374 0.358835 0.507451
413 56.9657 -11.0624 0.404793 0.367344 0.508989
414 54.9784 -11.0835 0.405846 0.375387 0.510453
415 51.9451 -9.70382 0.406899 0.382967 0.511848
416 47.2749 -8.68063 0.407952 0.390095 0.513176
417 44.9532 -6.73966 0.409006 0.396785 0.514442
418 41.3896 -6.60179 0.410059 0.403053 0.51565
419 37.8915 -7.22978 0.411112 0.408915 0.516804
420 35.7372 -5.26074 0.412165 0.414388 0.517906
421 30.8277 -5.64282 0.413218 0.419486 0.518959
422 26.9301 -8.96238 0.41427 0.424225 0.519967
423 26.5329 -10.672 0.415323 0.428618 0.520933
424 26.9474 -6.6699 0.416376 0.432679 0.521857
425 24.7576 -2.59862 0.417429 0.436419 0.522742
426 21.3995 0.0778545 0.418482 0.439851 0.52359
427 16.6575 -1.01003 0.419534 0.442985 0.524403
428 14.9283 -2.85525 0.420587 0.445832 0.525182
429 13.2596 -5.51604 0.421639 0.448403 0.525928
430 14.6528 -6.63029 0.422692 0.450706 0.526643
431 14.5957 -7.5413 0.423744 0.452752 0.527327
432 11.2094 -10.1904 0.424797 0.454549 0.527982
433 9.79841 -11.4751 0.425849 0.456117 0.528616
434 10.0769 -11.879 0.426902 0.457441 0.529215
435 6.43173 -17.1536 0.427954 0.458542 0.529787
436 7.66266 -20.8342 0.429006 0.459427 0.530334
437 10.3047 -23.0576 0.430058 0.460103 0.530855
438 12.3815 -22.7876 0.431111 0.460578 0.531351
439 15.0574 -18.7494 0.432163 0.460859 0.531824
440 13.6528 -14.9214 0.433215 0.460953 0.532273
441 12.0261 -13.7572 0.434267 0.460867 0.532699
442 8.8412 -17.07 0.435319 0.460607 0.533103
443 8.63469 -19.1435 0.436371 0.46018 0.533484
444 11.5658 -17.6253 0.437423 0.459592 0.533844
445 12.5538 -16.2485 0.438475 0.458849 0.534183
446 12.5423 -14.4193 0.439527 0.457957 0.534501
447 12.6265 -13.3802 0.440578 0.456922 0.534799
448 12.9362 -12.2079 0.44163 0.455749 0.535076
449 12.9979 -11.5425 0.442682 0.454445 0.535334
450 13.1099 -13.4092 0.443733 0.453015 0.535572
451 14.1581 -15.5275 0.444785 0.451464 0.535794
452 14.6184 -18.6206 0.445837 0.449797 0.535994
453 15.1567 -22.2241 0.446888 0.448019 0.536175
454 17.4965 -23.8678 0.44794 0.446136 0.536338
455 20.9085 -23.0224 0.448991 0.444152 0.536483
456 23.6668 -22.1609 0.450042 0.442062 0.536602
457 23.4719 -22.7299 0.451094 0.43989 0.536711
458 23.255 -24.4326 0.452145 0.437632 0.536802
459 25.9513 -24.426 0.453196 0.435292 0.536876
460 28.1495 -23.0966 0.454248 0.432875 0.536932
461 29.0718 -22.0229 0.455299 0.430385 0.536971
462 31.8686 -19.4542 0.45635 0.427826 0.536994
463 32.4328 -19.158 0.457401 0.425203 0.536999
464 32.4853 -20.4909 0.458452 0.422522 0.536988
465 35.7767 -18.9061 0.459503 0.419786 0.536961
466 38.6424 -16.7304 0.460554 0.417001 0.536917
467 38.3141 -17.8474 0.461605 0.414173 0.536858
468 39.789 -19.8073 0.462656 0.411307 0.536784
469 43.3819 -19.7392 0.463706 0.40841 0.536695
470 46.4111 -18.3525 0.464757 0.405491 0.536592
471 46.6357 -17.1346 0.465808 0.401959 0.536251
472 47.3749 -15.6861 0.466859 0.399022 0.536124
473 47.7739 -16.0417 0.467909 0.396096 0.535988
474 49.2455 -17.9576 0.46896 0.393196 0.535846
475 54.0918 -18.4951 0.47001 0.390342 0.535702
476 56.2126 -21.6169 0.471061 0.387556 0.53556
477 58.6714 -24.434 0.472111 0.384864 0.535425
478 62.1663 -24.6892 0.473162 0.382294 0.535304
479 64.2686 -24.276 0.474212 0.37988 0.535205
480 67.1569 -23.3329 0.475262 0.377657 0.535135
481 70.9697 -20.1805 0.476313 0.376281 0.535346
482 73.4023 -16.8403 0.477363 0.374554 0.535365
483 75.6206 -14.0403 0.478413 0.373128 0.535441
484 79.4517 -10.5033 0.479463 0.372036 0.535584
485 81.7151 -10.054 0.480513 0.371306 0.535801
486 84.6368 -12.6889 0.481563 0.370959 0.536099
487 87.5425 -15.0729 0.482613 0.37101 0.536484
488 91.3491 -15.781 0.483663 0.371462 0.536956
489 94.0734 -16.4816 0.484713 0.372313 0.537518
490 97.8831 -15.7884 0.485763 0.373549 0.538167
491 100.281 -15.9357 0.486812 0.375147 0.538899
492 102.789 -15.8106 0.487862 0.377078 0.539708
493 108.679 -10.6443 0.488912 0.379305 0.540586
494 112.302 -5.39258 0.489962 0.381787 0.541523
495 112.168 -3.88055 0.491011 0.38448 0.542511
496 110.117 -8.22833 0.492061 0.38734 0.543538
497 114.163 -7.51343 0.49311 0.390323 0.544595
498 119.258 -3.9485 0.49416 0.393387 0.545672
499 120.256 -2.63471 0.495209 0.396495 0.546761
500 122.638 0.491569 0.496258 0.399611 0.547854
501 121.911 1.79537 0.497308 0.402707 0.548944
502 121.005 1.3791 0.498357 0.405758 0.550027
503 123.364 2.27798 0.499406 0.408745 0.551097
504 122.888 -0.973698 0.500455 0.411652 0.552152
505 123.58 -4.2755 0.501505 0.414468 0.553188
506 126.471 -2.77393 0.502554 0.417184 0.554206
507 126.328 -0.825212 0.503603 0.419793 0.555202
508 126.705 1.51491 0.504652 0.422294 0.556178
509 127.036 4.25278 0.505701 0.424684 0.557132
510 126.112 5.88811 0.50675 0.426963 0.558064
511 123.798 6.87635 0.507798 0.429132 0.558976
512 122.423 8.02862 0.508847 0.431192 0.559868
513 120.372 5.84622 0.509896 0.433146 0.560739
514 118.65 3.72905 0.510945 0.434995 0.561591
515 119.91 3.72311 0.511993 0.436742 0.562424
516 120.413 3.5405 0.513042 0.43839 0.563238
517 120.309 4.19965 0.51409 0.439941 0.564035
518 120.299 6.44713 0.515139 0.4414 0.564815
519 118.94 8.79994 0.516187 0.442768 0.565578
520 115.885 8.61187 0.517236 0.444048 0.566326
521 114.245 8.27427 0.518284 0.445243 0.567058
522 113.39 10.0091 0.519332 0.446357 0.567775
523 109.892 8.73977 0.520381 0.447391 0.568477
524 106.911 6.13295 0.521429 0.448349 0.569166
525 108.051 7.68304 0.522477 0.449233 0.569841
526 107.304 9.06204 0.523525 0.450046 0.570503
527 102.699 6.80775 0.524573 0.450786 0.571152
528 99.2187 4.68943 0.525621 0.451465 0.57179
529 99.5359 4.83529 0.526669 0.452081 0.572416
530 97.6426 3.75762 0.527717 0.452636 0.57303
531 94.6119 0.606428 0.528765 0.453132 0.573634
532 95.1857 0.828119 0.529813 0.453573 0.574227
533 95.0712 4.20014 0.530861 0.45396 0.574811
534 91.0121 5.00072 0.531908 0.454295 0.575384
535 90.2979 5.30019 0.532956 0.454582 0.575948
536 90.0232 7.25382 0.534004 0.454822 0.576503
537 88.0224 9.50083 0.535051 0.455018 0.577049
538 85.7923 11.5851 0.536099 0.455172 0.577587
539 81.9401 10.0058 0.537146 0.455286 0.578117
540 78.6867 6.93079 0.538194 0.455362 0.57864
541 78.2336 5.76556 0.539241 0.455403 0.579155
542 77.693 5.61605 0.540288 0.455411 0.579663
543 77.7297 7.81558 0.541336 0.455387 0.580165
544 75.9366 8.79341 0.542383 0.455335 0.580661
545 72.4886 8.01806 0.54343 0.455257 0.581151
546 70.5993 8.12448 0.544477 0.455153 0.581636
547 71.6411 9.05432 0.545524 0.455028 0.582116
548 69.222 10.0049 0.546571 0.454882 0.582592
549 63.2286 5.98879 0.547618 0.454721 0.583064
550 61.9217 2.72264 0.548665 0.454542 0.583531
551 61.6869 1.06151 0.549712 0.454349 0.583996
552 60.9944 0.624073 0.550759 0.454145 0.584457
553 58.8887 0.0573795 0.551806 0.453931 0.584916
554 58.6826 1.21678 0.552852 0.453711 0.585373
555 56.9816 1.72458 0.553899 0.453486 0.585829
556 56.1581 2.86063 0.554946 0.453258 0.586284
557 54.588 4.795 0.555992 0.453031 0.586738
558 51.1822 4.95902 0.557039 0.452807 0.587193
559 48.5652 4.31784 0.558085 0.45299 0.587952
560 45.9022 2.09304 0.559132 0.452781 0.588412
561 46.0908 1.84654 0.560178 0.452583 0.588874
562 47.4442 3.57743 0.561224 0.452399 0.589339
563 46.8928 6.1211 0.562271 0.452231 0.589808
564 43.9208 6.39326 0.563317 0.452083 0.590282
565 40.7779 5.13794 0.564363 0.451957 0.590762
566 39.1174 4.02833 0.565409 0.451858 0.591248
567 39.1275 5.68478 0.566455 0.45137 0.591418
568 38.9927 8.29081 0.567501 0.451331 0.591918
569 36.0794 7.50298 0.568547 0.451329 0.592427
570 32.0882 3.53176 0.569593 0.451366 0.592947
571 31.2981 0.605307 0.570639 0.451446 0.59348
572 30.6422 -0.399751 0.571685 0.451573 0.594025
573 30.7376 0.121102 0.57273 0.451748 0.594584
574 30.3364 0.683774 0.573776 0.451975 0.595158
575 30.1049 0.820212 0.574822 0.452255 0.595747
576 29.4403 1.11603 0.575867 0.452591 0.596353
577 26.0688 -1.56745 0.576913 0.452983 0.596976
578 24.0535 -4.71897 0.577958 0.453432 0.597616
579 27.611 -0.935618 0.579004 0.453938 0.598274
580 28.869 4.02704 0.580049 0.454499 0.598949
581 25.8281 5.53815 0.581094 0.455114 0.599641
582 22.9362 4.76638 0.58214 0.455781 0.600349
583 21.4736 3.04978 0.583185 0.456497 0.601074
584 18.3211 -1.57519 0.58423 0.457259 0.601814
585 17.7606 -4.53116 0.585275 0.458063 0.602568
586 19.4864 -3.02645 0.58632 0.458904 0.603334
587 18.6842 -2.50559 0.587365 0.459779 0.604113
588 17.485 -2.73152 0.58841 0.460682 0.604902
589 16.6249 -3.04311 0.589455 0.46161 0.605701
590 18.1215 -0.656946 0.5905 0.462557 0.606507
591 18.9179 2.93231 0.591545 0.463519 0.60732
592 15.8865 3.79767 0.592589 0.464492 0.608139
593 11.9239 1.04339 0.593634 0.465473 0.608962
594 10.3486 -1.84066 0.594679 0.466456 0.609788
595 10.4126 -4.31648 0.595723 0.467439 0.610616
596 11.7732 -3.99802 0.596768 0.46842 0.611446
597 10.7064 -3.93732 0.597812 0.469394 0.612276
598 8.55484 -4.09931 0.598857 0.470361 0.613106
599 9.48558 -1.59337 0.599901 0.471318 0.613935
600 9.05928 -0.943687 0.600945 0.472263 0.614763
