250 336.462 0.617564 0.231434 0.649306 0.317249
251 316.46 0.925121 0.232495 0.651616 0.317478
252 294.491 1.69625 0.233556 0.652787 0.317689
253 274.083 0.662995 0.234616 0.652841 0.317883
254 254.478 -3.80479 0.235677 0.65181 0.318059
255 235.458 -4.84471 0.236738 0.649723 0.318219
256 218.245 -2.75909 0.237798 0.646616 0.31836
257 203.482 -3.74507 0.238859 0.642524 0.318485
258 187.507 -1.37407 0.239919 0.637483 0.318592
259 172.899 -3.08521 0.240979 0.631533 0.318683
260 159.826 -2.14367 0.24204 0.624712 0.318756
261 143.77 1.72353 0.2431 0.617061 0.318811
262 133.011 1.82975 0.24416 0.608618 0.31885
263 122.356 -2.96416 0.24522 0.599425 0.318871
264 111.688 -2.75771 0.24628 0.589524 0.318875
265 100.842 -4.20323 0.24734 0.578955 0.318861
266 92.6842 -7.96607 0.2484 0.567762 0.31883
267 83.5723 -7.46332 0.24946 0.555981 0.318782
268 75.3823 -1.84388 0.25052 0.543657 0.318715
269 68.6943 -2.06608 0.25158 0.530829 0.318631
270 62.4973 -4.66334 0.25264 0.517538 0.318529
271 56.1854 -6.08366 0.253699 0.503827 0.318409
272 49.8705 -3.10135 0.254759 0.489726 0.318271
273 43.5999 -4.86426 0.255819 0.475278 0.318114
274 37.1101 -4.11352 0.256878 0.460521 0.317938
275 32.7413 -4.23498 0.257938 0.44549 0.317743
276 29.2858 -6.81738 0.258997 0.430222 0.317529
277 25.8612 -2.98663 0.260056 0.414737 0.317294
278 21.7613 -0.63647 0.261116 0.399099 0.31704
279 19.1722 -3.67726 0.262175 0.383319 0.316765
280 17.6849 -5.09328 0.263234 0.367439 0.316469
281 15.1219 -2.3737 0.264293 0.351495 0.316151
282 13.3852 -1.25346 0.265352 0.335494 0.315811
283 12.4688 -2.36543 0.266412 0.319478 0.315447
284 10.7537 -3.32013 0.267471 0.30347 0.315059
285 8.62405 -4.67086 0.26853 0.287512 0.314647
286 7.67295 -2.68924 0.269588 0.271598 0.314207
287 7.78501 -4.51389 0.270647 0.255872 0.313752
288 7.72232 -3.94372 0.271706 0.24007 0.313245
289 8.16207 -8.01491 0.272765 0.224485 0.312718
290 7.71609 -7.24917 0.273824 0.209053 0.312158
291 7.75608 -9.5995 0.274882 0.193796 0.311562
292 8.24415 -9.76236 0.275941 0.178748 0.31093
293 8.53906 -8.46328 0.276999 0.163945 0.310258
294 9.76754 -8.36232 0.278058 0.149447 0.309549
295 11.0508 -9.94147 0.279116 0.13534 0.308801
296 12.0318 -9.50211 0.280175 0.121761 0.308026
297 13.6084 -10.9943 0.281233 0.108875 0.307233
298 15.9765 -11.4237 0.282292 0.0968948 0.306445
299 18.4048 -9.94455 0.28335 0.086038 0.305685
300 21.4754 -11.6495 0.284408 0.0765008 0.304984
301 24.4246 -13.8349 0.285466 0.0684104 0.304363
302 27.8977 -13.8026 0.286524 0.0618219 0.303842
303 30.8968 -12.7773 0.287583 0.0567217 0.303433
304 33.657 -10.2082 0.288641 0.0530496 0.303141
305 36.053 -9.22269 0.289699 0.0507282 0.302967
306 37.931 -14.4429 0.290757 0.0496868 0.302912
307 39.6435 -14.5883 0.291814 0.0498763 0.302974
308 41.6041 -15.6074 0.292872 0.0512745 0.303154
309 43.4793 -17.109 0.29393 0.0538826 0.303454
310 45.848 -15.2431 0.294988 0.0577125 0.303873
311 48.4263 -14.6936 0.296046 0.0627689 0.304411
312 52.4291 -11.6275 0.297103 0.0690268 0.30506
313 56.8722 -8.78033 0.298161 0.0764108 0.305806
314 62.3442 -10.8987 0.299219 0.0847981 0.306636
315 68.172 -9.61106 0.300276 0.0939931 0.307522
316 74.0717 -8.67312 0.301334 0.10378 0.308439
317 79.9376 -7.87839 0.302391 0.11393 0.309363
318 86.0631 -6.91157 0.303448 0.124242 0.310277
319 91.8858 -6.98313 0.304506 0.134542 0.311166
320 97.9925 -9.98885 0.305563 0.144702 0.312022
321 102.11 -5.80595 0.30662 0.154634 0.312842
322 109.203 -7.93113 0.307678 0.164321 0.313633
323 114.793 -3.44624 0.308735 0.173585 0.31437
324 118.715 -2.79167 0.309792 0.182537 0.315079
325 123.5 -7.36042 0.310849 0.191114 0.315755
326 128.017 -7.26881 0.311906 0.199303 0.316398
327 131.959 -5.79976 0.312963 0.207096 0.317011
328 136.655 -3.67876 0.31402 0.214486 0.317594
329 141.148 -3.021 0.315077 0.22147 0.318151
330 144.162 -1.46204 0.316134 0.228042 0.31868
331 147.503 -2.71581 0.317191 0.234205 0.319185
332 149.445 -2.27211 0.318247 0.239958 0.319665
333 151.871 -1.78236 0.319304 0.245296 0.320121
334 153.044 -0.362315 0.320361 0.250233 0.320556
335 154.783 -2.87451 0.321417 0.254757 0.320967
336 155.914 -4.76568 0.322474 0.258877 0.321358
337 158.272 -3.49653 0.323531 0.262598 0.321727
338 159.318 0.679441 0.324587 0.265926 0.322078
339 159.711 -1.31375 0.325644 0.268861 0.322407
340 161.017 -2.37887 0.3267 0.271407 0.322716
341 161.396 -2.24806 0.327757 0.273579 0.323006
342 160.071 -3.1616 0.328813 0.275382 0.323278
343 159.448 -0.49484 0.329869 0.276819 0.32353
344 160.603 -0.591625 0.330925 0.2779 0.323765
345 159.807 -4.4599 0.331982 0.27863 0.323981
346 158.148 -3.59827 0.333038 0.279023 0.32418
347 157.283 -5.00203 0.334094 0.279084 0.324362
348 156.244 -4.08864 0.33515 0.27882 0.324524
349 155.607 -3.57465 0.336206 0.278247 0.32467
350 155.149 -4.6695 0.337262 0.277368 0.3248
351 153.962 -5.68869 0.338318 0.276193 0.324912
352 153.062 -4.66265 0.339374 0.274733 0.325008
353 150.726 -1.67088 0.34043 0.272996 0.325086
354 148.174 -1.58243 0.341486 0.270993 0.325148
355 145.918 -6.08375 0.342541 0.268732 0.325193
356 143.831 -5.96644 0.343597 0.266224 0.325222
357 141.617 -2.86218 0.344653 0.263475 0.325233
358 139.183 -0.254231 0.345709 0.260499 0.325228
359 137.12 -0.359786 0.346764 0.257303 0.325206
360 134.918 -3.45209 0.34782 0.253897 0.325167
361 132.884 -5.65719 0.348875 0.250291 0.325111
362 129.772 -7.78494 0.349931 0.246491 0.325038
363 127.181 -7.0541 0.350986 0.242507 0.324947
364 125.435 -8.95118 0.352042 0.238347 0.324839
365 123.631 -8.7814 0.353097 0.234017 0.324713
366 121.987 -4.809 0.354152 0.229531 0.324568
367 118.882 -3.8285 0.355208 0.224894 0.324406
368 116.171 -7.92017 0.356263 0.220113 0.324224
369 112.62 -9.92656 0.357318 0.215201 0.324025
370 109.647 -7.91102 0.358373 0.210154 0.323804
371 107.942 -6.83611 0.359428 0.204985 0.323563
372 104.948 -7.82185 0.360483 0.199699 0.323301
373 102.717 -11.1844 0.361538 0.194301 0.323017
374 100.092 -10.7436 0.362593 0.188799 0.322711
375 97.878 -9.97333 0.363648 0.183197 0.322381
376 96.201 -7.09604 0.364703 0.177499 0.322026
377 93.7509 -2.98216 0.365758 0.17171 0.321645
378 91.4655 -1.83149 0.366813 0.165835 0.321237
379 88.7795 -4.67515 0.367868 0.159877 0.3208
380 87.4952 -6.58398 0.368922 0.153842 0.320331
381 84.8904 -3.86746 0.369977 0.147737 0.319832
382 82.1396 -1.65684 0.371032 0.141574 0.319299
383 80.1219 -6.14072 0.372086 0.135365 0.318733
384 78.3324 -8.89242 0.373141 0.129133 0.318134
385 77.0854 -11.0528 0.374195 0.12291 0.317503
386 76.1971 -9.34653 0.37525 0.11674 0.316845
387 74.6595 -10.0692 0.376304 0.11068 0.316167
388 72.5522 -9.25275 0.377359 0.1048 0.31548
389 71.6051 -8.34567 0.378413 0.0991808 0.314796
390 70.6632 -8.83515 0.379467 0.0939083 0.314131
391 70.055 -6.98045 0.380522 0.0890782 0.313507
392 68.852 -5.40106 0.381576 0.0847406 0.312929
393 68.4465 -0.0086241 0.38263 0.0809957 0.312427
394 66.7108 -1.44528 0.383684 0.077875 0.312008
395 65.6564 -1.78471 0.384738 0.0754271 0.311687
396 63.851 -2.48128 0.385792 0.0736715 0.311471
397 61.5011 -4.092 0.386846 0.0726197 0.311367
398 58.991 -6.64407 0.3879 0.0722741 0.311379
399 56.9605 -7.00463 0.388954 0.0726299 0.311509
400 54.8207 -2.25893 0.390008 0.0736753 0.311755
401 52.3479 -0.53246 0.391062 0.0753913 0.312117
402 50.314 0.793053 0.392116 0.0777499 0.31259
403 48.0412 -2.72998 0.393169 0.0807212 0.313168
404 47.1739 -3.31121 0.394223 0.0842327 0.313836
405 44.9166 -6.80999 0.395277 0.0882272 0.314582
406 43.2096 -8.71056 0.39633 0.0926361 0.315395
407 42.0957 -6.47909 0.397384 0.0973655 0.316254
408 40.1989 -4.47289 0.398437 0.102323 0.317144
409 38.6443 -4.261 0.399491 0.107415 0.318046
410 36.9436 -4.36606 0.400544 0.112558 0.318946
411 35.5873 0.307462 0.401598 0.117675 0.319831
412 33.8429 -2.62148 0.402651 0.122705 0.320693
413 31.7005 -4.93969 0.403704 0.1276 0.321524
414 29.4036 -5.52093 0.404758 0.132324 0.322322
415 27.6484 -1.92434 0.405811 0.136856 0.323084
416 26.3433 -1.27898 0.406864 0.141179 0.323809
417 24.5342 0.561651 0.407917 0.145288 0.3245
418 22.479 -2.46823 0.40897 0.149179 0.325156
419 20.7365 -5.48988 0.410023 0.152854 0.32578
420 19.3209 -4.53019 0.411077 0.156314 0.326373
421 17.7701 -6.91771 0.412129 0.159563 0.326937
422 16.5219 -6.94477 0.413182 0.162607 0.327472
423 14.6407 -3.28806 0.414235 0.165449 0.327982
424 13.9521 -5.2569 0.415288 0.168094 0.328466
425 12.7877 -6.61392 0.416341 0.170548 0.328927
426 11.6439 -9.70118 0.417394 0.172815 0.329365
427 9.97427 -7.32568 0.418446 0.174901 0.329781
428 8.92873 -4.85503 0.419499 0.176808 0.330177
429 7.90036 -6.79842 0.420552 0.178543 0.330552
430 6.97188 -7.5632 0.421604 0.180109 0.330908
431 6.73535 -6.10898 0.422657 0.181511 0.331246
432 6.5442 -8.22812 0.423709 0.182754 0.331565
433 5.82134 -7.43144 0.424762 0.183841 0.331867
434 5.49481 -5.93844 0.425814 0.184776 0.332152
435 4.85606 -5.86139 0.426867 0.185563 0.33242
436 4.29909 -8.55419 0.427919 0.186207 0.332672
437 4.58111 -8.50073 0.428971 0.186711 0.332908
438 4.27783 -3.42083 0.430023 0.187081 0.333129
439 4.61182 -6.11404 0.431076 0.187318 0.333335
440 4.66102 -6.92711 0.432128 0.187428 0.333526
441 4.90813 -9.41262 0.43318 0.187413 0.333703
442 4.88231 -8.35097 0.434232 0.187277 0.333865
443 5.11193 -8.70698 0.435284 0.187025 0.334012
444 5.25962 -7.10596 0.436336 0.186659 0.334146
445 5.79597 -11.0149 0.437388 0.186183 0.334266
446 6.5028 -12.773 0.43844 0.185601 0.334373
447 6.7877 -11.0208 0.439491 0.184916 0.334466
448 7.3198 -11.5664 0.440543 0.184131 0.334546
449 7.91961 -10.4931 0.441595 0.183249 0.334612
450 7.71551 -5.35292 0.442647 0.182275 0.334665
451 8.40719 -6.63131 0.443698 0.18121 0.334706
452 9.10139 -6.00199 0.44475 0.180058 0.334733
453 9.63998 -5.27369 0.445802 0.178821 0.334746
454 10.0297 -4.99966 0.446853 0.177504 0.334747
455 11.1038 -5.51781 0.447905 0.176109 0.334735
456 11.6403 -4.3419 0.448956 0.174637 0.33471
457 12.4689 -7.20092 0.450007 0.173094 0.334671
458 13.5913 -10.1417 0.451059 0.171479 0.334619
459 14.4432 -9.49094 0.45211 0.169797 0.334554
460 14.9579 -10.8963 0.453161 0.168049 0.334475
461 15.6332 -9.71551 0.454213 0.166239 0.334383
462 16.2917 -8.68117 0.455264 0.164368 0.334277
463 16.874 -9.23497 0.456315 0.162438 0.334156
464 18.0112 -8.2412 0.457366 0.160453 0.334022
465 18.9677 -11.3347 0.458417 0.158413 0.333873
466 19.9822 -12.3814 0.459468 0.156322 0.333709
467 20.7153 -9.6845 0.460519 0.154181 0.33353
468 21.6975 -8.18193 0.46157 0.151993 0.333336
469 23.2429 -10.2009 0.462621 0.14976 0.333126
470 24.0977 -12.2238 0.463671 0.147487 0.332901
471 24.3895 -9.94222 0.464722 0.145175 0.332659
472 25.3305 -11.8082 0.465773 0.142831 0.332402
473 25.8613 -11.8972 0.466824 0.140459 0.33213
474 26.6892 -9.19206 0.467874 0.138068 0.331843
475 28.0921 -12.062 0.468925 0.135666 0.331543
476 29.5826 -14.4014 0.469975 0.133266 0.331231
477 30.676 -13.8834 0.471026 0.130882 0.33091
478 31.1883 -13.7527 0.472076 0.128532 0.330584
479 32.0932 -13.9523 0.473127 0.126237 0.330257
480 33.5693 -13.2176 0.474177 0.124019 0.329934
481 34.9402 -10.8194 0.475227 0.121906 0.329622
482 36.401 -8.18225 0.476277 0.119926 0.329329
483 37.8545 -7.88077 0.477328 0.118106 0.329061
484 39.2998 -6.75815 0.478378 0.116476 0.328827
485 40.7461 -7.91611 0.479428 0.115063 0.328635
486 41.8874 -12.7504 0.480478 0.11389 0.328493
487 43.0606 -13.8542 0.481528 0.112981 0.328407
488 44.0614 -10.3981 0.482578 0.11235 0.328382
489 45.4974 -10.5734 0.483628 0.112008 0.328425
490 46.5027 -9.40272 0.484678 0.111962 0.328537
491 47.8058 -5.70486 0.485728 0.112211 0.328719
492 49.3417 -6.61453 0.486777 0.112748 0.32897
493 51.0191 -8.43113 0.487827 0.113561 0.329289
494 52.2012 -6.65731 0.488877 0.114631 0.329671
495 53.4404 -3.90141 0.489927 0.115936 0.330111
496 54.5482 -5.82676 0.490976 0.117449 0.330602
497 56.0294 -6.86101 0.492026 0.11914 0.331136
498 56.7639 -3.65316 0.493075 0.120978 0.331705
499 57.476 -3.33133 0.494125 0.12293 0.332302
500 58.2857 -2.85813 0.495174 0.124964 0.332917
501 59.156 -1.24116 0.496223 0.127049 0.333543
502 59.9385 -3.50904 0.497273 0.129157 0.334173
503 60.774 -3.70324 0.498322 0.131264 0.334801
504 61.4449 -3.5168 0.499371 0.133348 0.335422
505 61.5959 -1.25595 0.50042 0.135391 0.336033
506 61.939 -1.20406 0.50147 0.13738 0.336629
507 62.7275 -2.79628 0.502519 0.139303 0.33721
508 63.2732 -0.830451 0.503568 0.141151 0.337773
509 63.322 -1.99445 0.504617 0.142921 0.338317
510 64.3177 -0.765592 0.505666 0.144607 0.338843
511 64.0136 1.83427 0.506715 0.146209 0.339349
512 63.7688 -3.25986 0.507763 0.147725 0.339838
513 63.9782 -5.31458 0.508812 0.149156 0.340308
514 63.6869 -4.65947 0.509861 0.150503 0.34076
515 63.5142 -3.58526 0.51091 0.151768 0.341195
516 62.4048 0.526637 0.511958 0.152952 0.341614
517 61.5527 2.19854 0.513007 0.154057 0.342017
518 61.3021 0.739924 0.514055 0.155085 0.342404
519 60.4184 2.48525 0.515104 0.156038 0.342776
520 59.8776 -1.01939 0.516152 0.156918 0.343135
521 59.8949 -2.8695 0.517201 0.157728 0.34348
522 59.2934 -2.19809 0.518249 0.15847 0.343812
523 57.9427 -1.58913 0.519297 0.159145 0.344131
524 58.1743 0.723507 0.520346 0.159756 0.344438
525 57.6283 2.68393 0.521394 0.160304 0.344733
526 56.5943 4.3833 0.522442 0.160792 0.345016
527 55.3234 3.15864 0.52349 0.161221 0.345288
528 54.5978 -1.58794 0.524538 0.161593 0.34555
529 53.4643 0.00839841 0.525586 0.16191 0.3458
530 52.5609 0.096763 0.526634 0.162173 0.346041
531 51.7053 -0.966779 0.527682 0.162385 0.346272
532 50.8531 0.685288 0.52873 0.162546 0.346493
533 49.6545 -1.96162 0.529778 0.162659 0.346704
534 48.9245 -2.60719 0.530826 0.162725 0.346906
535 47.8763 -3.93258 0.531873 0.162746 0.3471
536 46.8696 -1.44873 0.532921 0.162723 0.347284
537 45.6403 0.704472 0.533969 0.162658 0.34746
538 44.0894 1.81852 0.535016 0.162552 0.347627
539 43.2993 -0.172421 0.536064 0.162407 0.347786
540 42.912 -0.259811 0.537111 0.162224 0.347937
541 41.7373 0.0697518 0.538159 0.162005 0.348081
542 40.3661 -1.23908 0.539206 0.161751 0.348216
543 39.3047 -0.792104 0.540253 0.161463 0.348344
544 38.5007 -0.311483 0.541301 0.161143 0.348465
545 36.8282 -0.381418 0.542348 0.160792 0.348578
546 36.2344 0.348632 0.543395 0.160412 0.348684
547 36.3132 -0.473762 0.544442 0.160004 0.348784
548 34.6874 1.57692 0.545489 0.159569 0.348876
549 33.1412 1.41621 0.546536 0.159108 0.348962
550 31.9995 3.58566 0.547583 0.158624 0.349042
551 31.7698 0.394078 0.54863 0.158117 0.349115
552 30.1953 -0.744833 0.549677 0.157588 0.349182
553 29.3034 1.57408 0.550724 0.15704 0.349244
554 28.6494 1.49093 0.551771 0.156473 0.349299
555 27.7206 2.23511 0.552817 0.15589 0.349349
556 26.4325 1.523 0.553864 0.155291 0.349394
557 26.4518 0.59715 0.554911 0.154678 0.349433
558 25.524 -4.02139 0.555957 0.154052 0.349468
559 24.7384 -5.24448 0.557004 0.153417 0.349498
560 23.8553 -1.77626 0.55805 0.152772 0.349524
561 22.8748 -0.706509 0.559097 0.152121 0.349546
562 22.1487 -2.25571 0.560143 0.151466 0.349564
563 21.3674 -3.64716 0.561189 0.150808 0.34958
564 20.7702 -3.04844 0.562236 0.150152 0.349594
565 19.9753 -5.62563 0.563282 0.149499 0.349606
566 19.0606 -3.27516 0.564328 0.148853 0.349617
567 18.7187 -3.88141 0.565374 0.148217 0.349629
568 17.9282 -4.80646 0.56642 0.147595 0.349642
569 17.0909 -1.27898 0.567466 0.146993 0.349657
570 16.5086 -0.451996 0.568512 0.146413 0.349677
571 15.7547 -1.23982 0.569558 0.145862 0.349703
572 14.5365 0.851317 0.570604 0.145344 0.349735
573 14.2751 -3.33468 0.57165 0.144865 0.349777
574 14.3193 -6.70693 0.572695 0.144429 0.349829
575 13.6492 -5.95701 0.573741 0.144043 0.349894
576 12.8554 -5.91895 0.574787 0.143711 0.349973
577 12.4427 -5.46981 0.575832 0.143439 0.350069
578 11.5211 -3.21748 0.576878 0.143229 0.350182
579 11.3671 -4.0857 0.577923 0.143085 0.350314
580 10.9825 -2.60163 0.578969 0.143011 0.350467
581 10.2188 -0.788892 0.580014 0.143007 0.350641
582 10.0987 -3.11324 0.581059 0.143074 0.350836
583 9.61805 -3.25619 0.582105 0.143211 0.351053
584 8.81403 -2.09335 0.58315 0.143417 0.351291
585 8.46321 -1.71938 0.584195 0.143689 0.35155
586 8.08056 -4.3953 0.58524 0.144023 0.351829
587 7.56594 -3.17245 0.586285 0.144415 0.352126
588 6.98712 -0.190543 0.58733 0.144859 0.35244
589 6.42334 0.184669 0.588375 0.14535 0.352769
590 6.54046 0.61683 0.58942 0.145881 0.353112
591 6.80823 -0.986574 0.590465 0.146446 0.353466
592 5.8601 1.7646 0.59151 0.147039 0.353829
593 5.33871 2.65208 0.592554 0.147653 0.354199
594 5.3046 1.07985 0.593599 0.148282 0.354575
595 5.17264 0.761674 0.594644 0.148921 0.354955
596 4.79422 -2.91295 0.595688 0.149567 0.355341
597 4.26762 -3.14293 0.596733 0.15021 0.355723
598 3.88412 -1.39817 0.597777 0.150847 0.356105
599 3.58406 -0.0515148 0.598822 0.151477 0.356484
600 3.47787 0.241977 0.599866 0.152095 0.356861
