250 260.216 3.42136 0.23169 0.602788 0.310782
251 242.407 0.808828 0.23275 0.60239 0.310961
252 226.08 -0.240143 0.233811 0.601008 0.311123
253 210.101 -2.47852 0.234872 0.598673 0.311269
254 194.429 -1.60001 0.235932 0.595417 0.311398
255 178.603 -0.0139007 0.236993 0.591283 0.311512
256 164.22 -0.32124 0.238054 0.586288 0.311609
257 150.978 -2.30093 0.239114 0.580477 0.311689
258 139.269 -1.35897 0.240174 0.573886 0.311754
259 126.77 -0.94199 0.241235 0.566554 0.311802
260 115.051 -0.527491 0.242295 0.558517 0.311833
261 101.935 0.942545 0.243355 0.549814 0.311849
262 92.6465 1.57039 0.244416 0.540481 0.311848
263 85.4695 2.22625 0.245476 0.530556 0.311831
264 79.6766 -0.27696 0.246536 0.520078 0.311797
265 73.9522 -3.31077 0.247596 0.509083 0.311746
266 67.4233 -6.49513 0.248656 0.497609 0.311679
267 61.3138 -7.50609 0.249716 0.485676 0.311594
268 55.4749 -5.7484 0.250775 0.473348 0.311493
269 49.3951 -2.91617 0.251835 0.460655 0.311375
270 44.1416 -1.2446 0.252895 0.447626 0.311239
271 38.2456 -0.936996 0.253955 0.434294 0.311086
272 34.0748 -5.50707 0.255014 0.420706 0.310916
273 29.6587 -4.4253 0.256074 0.406869 0.310727
274 24.8487 -2.98832 0.257133 0.392827 0.310519
275 21.7664 -2.77983 0.258193 0.378611 0.310292
276 19.6609 -2.57149 0.259252 0.364251 0.310046
277 18.5944 -1.75364 0.260312 0.349775 0.309781
278 15.8516 -0.873355 0.261371 0.335221 0.309495
279 13.2489 -5.46148 0.26243 0.320598 0.309188
280 11.3439 -6.90944 0.263489 0.305937 0.308859
281 10.0537 -3.67743 0.264548 0.291264 0.308508
282 9.05684 -3.60398 0.265608 0.27659 0.308132
283 7.35042 -3.05222 0.266667 0.262074 0.307745
284 6.25909 -2.4204 0.267726 0.247502 0.30732
285 5.58231 -3.35249 0.268785 0.232917 0.306857
286 4.94145 -0.677948 0.269843 0.218519 0.306377
287 4.67229 -1.76859 0.270902 0.204237 0.305865
288 4.48747 -1.77019 0.271961 0.190093 0.305322
289 4.5917 -2.3519 0.27302 0.176112 0.304744
290 4.5313 -2.5406 0.274079 0.162326 0.30413
291 4.81848 -8.37243 0.275137 0.148783 0.30348
292 4.83023 -9.92922 0.276196 0.135555 0.302795
293 4.98562 -10.6999 0.277254 0.122747 0.302079
294 5.42929 -10.013 0.278313 0.110508 0.301345
295 6.11498 -15.0181 0.279371 0.0990267 0.300608
296 6.6665 -14.9707 0.28043 0.0885047 0.299888
297 7.42171 -13.2136 0.281488 0.0791537 0.299218
298 8.68249 -12.6411 0.282546 0.0711138 0.298615
299 10.2004 -11.3759 0.283605 0.0644785 0.298103
300 12.4823 -10.7757 0.284663 0.0592687 0.297694
301 14.9963 -11.1672 0.285721 0.0554554 0.297397
302 18.1973 -13.5324 0.286779 0.0529827 0.297214
303 21.517 -13.1596 0.287837 0.0517917 0.297147
304 25.3062 -12.2495 0.288895 0.0518367 0.297196
305 29.759 -12.6544 0.289953 0.0530923 0.297361
306 34.5722 -14.8209 0.291011 0.0555508 0.297644
307 39.5768 -13.9664 0.292069 0.0592112 0.298042
308 44.7784 -8.36617 0.293127 0.0640628 0.298554
309 49.9241 -12.4424 0.294185 0.0700642 0.299173
310 55.6475 -13.9267 0.295243 0.0771235 0.299883
311 59.7754 -12.6927 0.2963 0.0851151 0.300672
312 64.3346 -8.65111 0.297358 0.0938353 0.30151
313 69.3679 -4.7396 0.298416 0.103075 0.302376
314 73.9852 -3.06083 0.299473 0.11262 0.303248
315 78.6682 -2.65692 0.300531 0.122277 0.304108
316 83.5553 -4.41651 0.301588 0.131891 0.304944
317 88.0456 -4.86077 0.302646 0.141347 0.30575
318 92.5393 -7.8838 0.303703 0.150563 0.30652
319 96.4168 -8.8447 0.30476 0.159531 0.307264
320 100.589 -6.39833 0.305818 0.168082 0.307955
321 104.713 -6.40403 0.306875 0.176326 0.308621
322 108.065 -8.51428 0.307932 0.184205 0.309255
323 109.21 -4.46574 0.308989 0.19171 0.309859
324 112.445 -3.56882 0.310046 0.198834 0.310434
325 114.855 -4.77528 0.311104 0.205573 0.310981
326 117.526 -4.22493 0.312161 0.211925 0.311503
327 120.837 -3.12953 0.313218 0.217888 0.311999
328 121.667 -2.12912 0.314275 0.223459 0.312471
329 122.928 -1.79238 0.315331 0.228648 0.31292
330 124.979 -1.31085 0.316388 0.233452 0.313347
331 126.346 -2.83289 0.317445 0.237878 0.313753
332 128.081 -4.86142 0.318502 0.24192 0.314138
333 129.574 -5.17664 0.319559 0.245588 0.314503
334 130.016 -6.18934 0.320615 0.248885 0.314848
335 131.154 -4.72343 0.321672 0.251818 0.315174
336 132.244 -6.26496 0.322729 0.254391 0.315481
337 132.183 -5.83883 0.323785 0.256615 0.315772
338 131.927 -6.39355 0.324842 0.258489 0.316042
339 132.442 -5.45837 0.325898 0.260024 0.316296
340 131.304 -3.48283 0.326955 0.261228 0.316532
341 130.362 -4.3017 0.328011 0.262106 0.316751
342 129.314 -5.77636 0.329067 0.262668 0.316953
343 129.437 -7.1078 0.330124 0.262923 0.317138
344 128.18 -6.73709 0.33118 0.262879 0.317307
345 127.299 -5.2587 0.332236 0.262543 0.317461
346 126.618 -4.83952 0.333292 0.261924 0.317598
347 123.962 -6.60282 0.334348 0.261031 0.317719
348 120.793 -5.71398 0.335404 0.259873 0.317824
349 119.382 -4.63502 0.33646 0.258459 0.317914
350 119.543 -5.33296 0.337516 0.256797 0.317988
351 118.795 -8.09484 0.338572 0.254891 0.318045
352 117.403 -6.08074 0.339628 0.252762 0.318088
353 115.391 -6.67376 0.340684 0.25041 0.318115
354 113.243 -6.05993 0.34174 0.247845 0.318127
355 111.495 -6.35932 0.342796 0.245076 0.318124
356 110.132 -8.91983 0.343851 0.242111 0.318105
357 107.426 -7.71943 0.344907 0.238959 0.31807
358 105.146 -6.31426 0.345963 0.235627 0.31802
359 103.197 -7.94376 0.347018 0.232124 0.317953
360 100.921 -8.358 0.348074 0.228461 0.317872
361 98.534 -6.55597 0.34913 0.224638 0.317774
362 96.4314 -8.13251 0.350185 0.220667 0.317658
363 94.7774 -10.7642 0.35124 0.216553 0.317526
364 92.8962 -11.1002 0.352296 0.212305 0.317377
365 90.2695 -9.49438 0.353351 0.207929 0.31721
366 87.4545 -6.09794 0.354407 0.20343 0.317026
367 84.5906 -4.58395 0.355462 0.198819 0.316823
368 82.5207 -7.20483 0.356517 0.194095 0.316601
369 80.2241 -7.50363 0.357572 0.189266 0.31636
370 78.0035 -5.95751 0.358627 0.184338 0.316098
371 75.9683 -4.93039 0.359682 0.179315 0.315815
372 73.4852 -7.22214 0.360737 0.174201 0.31551
373 71.5711 -8.43404 0.361792 0.169 0.315183
374 69.8824 -7.01691 0.362847 0.163716 0.314831
375 67.5457 -7.40855 0.363902 0.158351 0.314452
376 65.2938 -7.54404 0.364957 0.152914 0.314048
377 63.3664 -10.8344 0.366012 0.147406 0.313616
378 61.2333 -9.95124 0.367067 0.141837 0.313154
379 59.0255 -11.5041 0.368122 0.136218 0.312663
380 57.3112 -11.9653 0.369176 0.130564 0.312141
381 55.1733 -13.1808 0.370231 0.124899 0.31159
382 53.3032 -12.7439 0.371286 0.119258 0.311014
383 51.9045 -14.1105 0.37234 0.113687 0.310416
384 50.0042 -13.1333 0.373395 0.108244 0.309805
385 48.1125 -10.9832 0.374449 0.102998 0.309192
386 46.9174 -10.1386 0.375504 0.0980272 0.308589
387 46.1458 -9.17592 0.376558 0.093414 0.308013
388 45.2821 -7.81703 0.377613 0.0892477 0.307484
389 45.1961 -6.518 0.378667 0.0855805 0.307009
390 45.6519 -8.75776 0.379721 0.0824822 0.306606
391 46.8123 -10.2647 0.380775 0.0800021 0.306291
392 47.5839 -8.82607 0.38183 0.0781784 0.306074
393 48.6856 -7.91265 0.382884 0.0770273 0.305961
394 49.0807 -7.55068 0.383938 0.0765577 0.305957
395 50.6555 -7.85674 0.384992 0.0767682 0.306064
396 51.5203 -6.23601 0.386046 0.0776485 0.306284
397 51.9219 -6.16353 0.3871 0.0791783 0.306614
398 51.5299 -5.76321 0.388154 0.0813325 0.30705
399 51.547 -3.57289 0.389208 0.0840582 0.307582
400 51.2544 1.11942 0.390262 0.0872988 0.308198
401 50.0288 1.17646 0.391316 0.0909991 0.308891
402 48.4567 2.75141 0.392369 0.0950745 0.309643
403 47.8189 0.434486 0.393423 0.0994386 0.310437
404 46.8142 -1.7667 0.394477 0.104003 0.311257
405 44.4915 -0.537314 0.39553 0.108679 0.312088
406 42.838 0.417335 0.396584 0.113391 0.312916
407 41.5282 -1.70075 0.397638 0.118066 0.31373
408 39.5634 -1.35372 0.398691 0.122652 0.314522
409 37.3904 -2.2846 0.399745 0.127103 0.315286
410 35.0024 -3.07496 0.400798 0.131392 0.316019
411 31.8239 1.60325 0.401852 0.135498 0.31672
412 29.6275 1.75828 0.402905 0.139407 0.317386
413 28.3826 0.228428 0.403958 0.143116 0.318022
414 26.1678 0.999968 0.405011 0.146622 0.318626
415 24.3953 2.11692 0.406065 0.149927 0.319201
416 22.6759 2.59499 0.407118 0.153034 0.319747
417 20.6941 -0.594001 0.408171 0.155946 0.320267
418 18.6066 -0.824662 0.409224 0.158669 0.320761
419 17.3242 -2.87556 0.410277 0.161206 0.321231
420 16.1904 -4.50813 0.41133 0.163564 0.321679
421 14.4524 -3.78684 0.412383 0.165747 0.322105
422 13.5609 -4.04173 0.413436 0.167759 0.32251
423 12.19 -2.57319 0.414489 0.169606 0.322896
424 11.4042 -5.39302 0.415542 0.171292 0.323262
425 9.87686 -6.91007 0.416594 0.172821 0.32361
426 8.69193 -5.69969 0.417647 0.174198 0.323941
427 7.84746 -6.15254 0.4187 0.175427 0.324255
428 6.80755 -1.87246 0.419753 0.176512 0.324553
429 5.84953 -3.3791 0.420805 0.177457 0.324834
430 5.64351 -6.0734 0.421858 0.178267 0.3251
431 5.97358 -9.62697 0.42291 0.178945 0.325352
432 5.53888 -7.83608 0.423963 0.179494 0.325588
433 5.18916 -8.12654 0.425015 0.17992 0.325811
434 4.34733 -5.15346 0.426068 0.180224 0.326019
435 3.58032 -2.41693 0.42712 0.180412 0.326214
436 3.99577 -7.12751 0.428172 0.180487 0.326396
437 3.95804 -8.44481 0.429225 0.180451 0.326565
438 4.05576 -8.80594 0.430277 0.180309 0.326721
439 4.33353 -12.4258 0.431329 0.180065 0.326864
440 4.00367 -12.2893 0.432381 0.17972 0.326994
441 4.28744 -10.3315 0.433433 0.179279 0.327113
442 4.54667 -8.52255 0.434485 0.178745 0.327219
443 4.18316 -7.69101 0.435537 0.17812 0.327314
444 4.10007 -7.6381 0.436589 0.177408 0.327396
445 4.81869 -9.61303 0.437641 0.176612 0.327467
446 5.11184 -9.64739 0.438693 0.175735 0.327526
447 5.05483 -7.78418 0.439745 0.17478 0.327574
448 5.28904 -7.25061 0.440797 0.173749 0.32761
449 5.75995 -6.37744 0.441848 0.172646 0.327634
450 6.3628 -8.33069 0.4429 0.171472 0.327647
451 7.01803 -10.55 0.443952 0.170231 0.327649
452 7.24054 -8.9339 0.445003 0.168925 0.327639
453 7.74065 -9.64906 0.446055 0.167557 0.327618
454 8.60779 -11.6534 0.447106 0.166129 0.327585
455 9.54471 -13.9543 0.448158 0.164643 0.327541
456 9.91798 -13.7174 0.449209 0.163102 0.327485
457 10.2766 -8.29614 0.450261 0.161508 0.327417
458 10.5259 -4.4958 0.451312 0.159863 0.327337
459 11.093 -6.88406 0.452363 0.158169 0.327246
460 11.8613 -8.48894 0.453414 0.156429 0.327143
461 12.9356 -9.67093 0.454466 0.154644 0.327027
462 13.5315 -10.4886 0.455517 0.152817 0.326899
463 13.7638 -9.70087 0.456568 0.15095 0.326758
464 14.5544 -11.333 0.457619 0.149046 0.326605
465 15.104 -9.07987 0.45867 0.147108 0.326439
466 15.6683 -11.23 0.459721 0.145138 0.32626
467 16.0414 -11.1479 0.460772 0.143141 0.326069
468 16.4822 -11.5201 0.461823 0.141122 0.325865
469 17.2202 -10.5175 0.462874 0.139085 0.32565
470 18.0678 -9.61945 0.463924 0.13704 0.325424
471 18.567 -8.74847 0.464975 0.134995 0.325189
472 19.1069 -8.98925 0.466026 0.132962 0.324947
473 19.3333 -7.56481 0.467077 0.130954 0.3247
474 20.0117 -8.23585 0.468127 0.128988 0.324451
475 20.97 -8.37895 0.469178 0.127082 0.324206
476 22.3566 -11.1643 0.470228 0.12526 0.323968
477 23.3251 -10.0272 0.471279 0.123542 0.323744
478 24.133 -11.6928 0.472329 0.121954 0.323539
479 25.0613 -13.4314 0.47338 0.120521 0.323361
480 25.9404 -11.1284 0.47443 0.119266 0.323217
481 26.9975 -10.9638 0.47548 0.118213 0.323112
482 28.098 -11.0115 0.47653 0.11738 0.323053
483 29.5887 -7.82838 0.477581 0.116783 0.323045
484 31.5054 -6.65885 0.478631 0.116435 0.323092
485 33.5573 -7.96503 0.479681 0.11634 0.323198
486 35.1342 -12.6612 0.480731 0.116502 0.323362
487 36.5382 -12.1521 0.481781 0.116913 0.323586
488 38.4214 -10.6638 0.482831 0.117566 0.323867
489 40.2155 -12.2494 0.483881 0.118444 0.324202
490 41.4815 -11.5051 0.484931 0.119528 0.324587
491 42.3442 -5.59395 0.485981 0.120794 0.325015
492 43.5952 -7.4742 0.48703 0.122217 0.325481
493 45.5676 -5.64177 0.48808 0.123768 0.325978
494 46.9626 -4.2585 0.48913 0.12542 0.326498
495 48.3615 -1.74316 0.490179 0.127145 0.327035
496 49.6431 -3.77275 0.491229 0.128916 0.327583
497 50.4864 -4.29399 0.492278 0.130709 0.328134
498 51.6218 -3.19496 0.493328 0.132502 0.328685
499 52.3438 -0.84234 0.494377 0.134277 0.329231
500 53.7289 -2.61792 0.495427 0.136019 0.329768
501 55.1325 -5.30274 0.496476 0.137715 0.330295
502 55.1309 -5.55883 0.497525 0.139356 0.330808
503 54.9424 -4.93624 0.498575 0.140935 0.331307
504 55.1477 -5.66461 0.499624 0.142447 0.331792
505 55.6757 -6.1725 0.500673 0.143888 0.33226
506 55.5363 -1.01515 0.501722 0.145257 0.332713
507 55.9336 0.522569 0.502771 0.146554 0.333151
508 55.315 0.70085 0.50382 0.147778 0.333574
509 55.3815 -0.709039 0.504869 0.148931 0.333982
510 56.3642 -3.7623 0.505918 0.150013 0.334375
511 56.3669 -2.87946 0.506967 0.151025 0.334755
512 55.4809 -0.220505 0.508016 0.151971 0.335121
513 55.0627 -1.53884 0.509065 0.15285 0.335475
514 54.6893 -1.68909 0.510113 0.153666 0.335815
515 54.2447 -1.6645 0.511162 0.154419 0.336144
516 53.4463 -1.86863 0.512211 0.155112 0.336461
517 52.7945 -2.46821 0.513259 0.155746 0.336767
518 52.5049 -4.79004 0.514308 0.156324 0.337063
519 51.7613 -1.27939 0.515356 0.156846 0.337348
520 50.9605 -2.11272 0.516405 0.157316 0.337622
521 50.2491 -0.670819 0.517453 0.157733 0.337888
522 49.0987 1.13833 0.518502 0.158101 0.338143
523 48.2984 -1.19597 0.51955 0.15842 0.33839
524 48.8274 -4.35423 0.520598 0.158692 0.338627
525 47.5442 -0.645149 0.521646 0.158919 0.338856
526 46.6739 -2.89242 0.522695 0.159102 0.339077
527 45.7879 -1.58985 0.523743 0.159243 0.339289
528 44.5773 -3.07257 0.524791 0.159343 0.339494
529 44.6485 -3.99603 0.525839 0.159404 0.33969
530 43.9633 -5.75112 0.526887 0.159426 0.339879
531 43.267 -3.43375 0.527935 0.159412 0.340061
532 41.8722 -0.103853 0.528982 0.159363 0.340236
533 40.5626 -0.691279 0.53003 0.15928 0.340403
534 39.6864 -1.59167 0.531078 0.159164 0.340564
535 38.1262 -3.06391 0.532126 0.159017 0.340718
536 37.4025 -3.01713 0.533173 0.158839 0.340866
537 37.5204 -4.52708 0.534221 0.158634 0.341007
538 36.7441 -3.10532 0.535269 0.1584 0.341143
539 36.1241 -1.90132 0.536316 0.158141 0.341272
540 35.1661 -1.66135 0.537364 0.157856 0.341396
541 33.9812 -1.42478 0.538411 0.157548 0.341514
542 33.3472 -2.72532 0.539458 0.157218 0.341626
543 31.9001 -3.20842 0.540506 0.156866 0.341733
544 30.9321 -1.73252 0.541553 0.156494 0.341835
545 30.2574 -3.74548 0.5426 0.156104 0.341932
546 29.1109 -2.706 0.543647 0.155696 0.342024
547 28.862 -1.26911 0.544694 0.155271 0.342111
548 27.8946 -2.35915 0.545741 0.154832 0.342194
549 26.6069 -1.90075 0.546788 0.15438 0.342273
550 25.5647 -1.61943 0.547835 0.153915 0.342348
551 25.8047 -6.96144 0.548882 0.15344 0.342419
552 24.72 -6.53769 0.549929 0.152955 0.342486
553 24.1555 -5.8791 0.550976 0.152462 0.34255
554 22.8625 -3.21099 0.552023 0.151963 0.342611
555 21.8705 1.03542 0.553069 0.151459 0.342669
556 21.3059 -0.978077 0.554116 0.150953 0.342726
557 20.8679 -1.98601 0.555163 0.150446 0.34278
558 19.7592 -1.21515 0.556209 0.14994 0.342833
559 19.1277 -4.30957 0.557256 0.149438 0.342885
560 18.2543 -3.92715 0.558302 0.148943 0.342937
561 17.5694 -2.0826 0.559349 0.148456 0.34299
562 17.1391 -1.77989 0.560395 0.147981 0.343044
563 16.6948 -2.07816 0.561441 0.147522 0.343101
564 15.7931 0.58829 0.562488 0.147081 0.343161
565 15.3131 -2.01445 0.563534 0.146662 0.343225
566 15.2736 -4.29533 0.56458 0.14627 0.343295
567 14.6837 -2.14286 0.565626 0.145907 0.343372
568 14.287 -2.44996 0.566672 0.145578 0.343457
569 13.7586 -0.0952719 0.567718 0.145288 0.343552
570 13.2774 -2.78409 0.568764 0.145038 0.343658
571 13.0691 -3.27605 0.56981 0.144835 0.343775
572 12.1036 -1.2134 0.570856 0.144679 0.343906
573 11.7217 -3.28777 0.571901 0.144574 0.344052
574 11.3205 -3.50162 0.572947 0.144521 0.344212
575 10.6655 -3.06534 0.573993 0.144523 0.344388
576 10.0569 -2.9483 0.575039 0.144579 0.344581
577 10.121 -1.78061 0.576084 0.14469 0.34479
578 9.38308 0.294987 0.57713 0.144853 0.345014
579 9.13473 -0.2749 0.578175 0.145068 0.345255
580 8.57258 -0.323072 0.57922 0.145331 0.345511
581 8.10224 -1.34842 0.580266 0.145639 0.345781
582 8.2644 -1.71391 0.581311 0.145988 0.346063
583 8.05846 -3.95273 0.582356 0.146374 0.346358
584 7.36255 -3.548 0.583402 0.146793 0.346663
585 7.34348 -2.1933 0.584447 0.147238 0.346977
586 7.30287 -6.79756 0.585492 0.147706 0.347299
587 6.79142 -2.0768 0.586537 0.148192 0.347627
588 6.16176 -0.328135 0.587582 0.148691 0.347959
589 5.32514 0.631307 0.588627 0.149198 0.348295
590 5.49141 1.69899 0.589672 0.14971 0.348632
591 5.77272 -3.38889 0.590717 0.150226 0.348976
592 5.06571 -1.41143 0.591761 0.150736 0.349314
593 4.53489 -0.670997 0.592806 0.15124 0.349652
594 4.27106 -1.24733 0.593851 0.151736 0.349988
595 3.92561 0.988232 0.594895 0.152223 0.350321
596 3.37947 1.25184 0.59594 0.152697 0.350652
597 3.06803 -0.688084 0.596984 0.153158 0.350979
598 3.05207 -0.106082 0.598029 0.153605 0.351303
599 2.95525 2.44778 0.599073 0.154036 0.351623
600 2.8995 1.77956 0.600118 0.154451 0.351938
