250 560.355 1.0886 0.231413 0.775477 0.408069
251 525.299 -1.09275 0.232474 0.775007 0.408309
252 489.336 -4.07212 0.233535 0.773299 0.408528
253 453.909 -6.79417 0.234596 0.770373 0.408724
254 419.714 -4.57478 0.235656 0.766284 0.408899
255 383.071 0.430963 0.236717 0.761072 0.409053
256 352.716 2.65841 0.237777 0.75478 0.409185
257 326.845 1.08521 0.238838 0.747459 0.409296
258 302.863 -2.41927 0.239898 0.739151 0.409385
259 277.365 -6.81899 0.240959 0.729905 0.409453
260 254.685 -8.58311 0.242019 0.719767 0.4095
261 228.701 -8.5123 0.243079 0.708784 0.409525
262 207.839 -5.32718 0.244139 0.697005 0.409528
263 191.006 -9.61577 0.2452 0.684456 0.409509
264 174.939 -9.46654 0.24626 0.671227 0.409469
265 158.395 -11.5834 0.24732 0.657342 0.409407
266 142.208 -14.5473 0.24838 0.64285 0.409323
267 127.593 -10.5689 0.24944 0.627794 0.409217
268 115.281 -10.5694 0.250499 0.612235 0.40909
269 105.272 -9.88063 0.251559 0.596186 0.408939
270 94.7576 -13.3743 0.252619 0.579707 0.408765
271 82.1236 -13.0143 0.253679 0.562832 0.408567
272 73.8632 -13.5137 0.254738 0.545618 0.408347
273 65.25 -14.0683 0.255798 0.528096 0.408102
274 54.7335 -7.86713 0.256857 0.510307 0.407833
275 47.3098 -8.25441 0.257917 0.492287 0.407539
276 42.7465 -12.4739 0.258976 0.474074 0.40722
277 36.7855 -11.0293 0.260036 0.455715 0.406875
278 32.6181 -12.4454 0.261095 0.437221 0.406503
279 28.9744 -16.6794 0.262154 0.418631 0.406103
280 26.1852 -16.0036 0.263213 0.399982 0.405674
281 23.2217 -9.76449 0.264273 0.38129 0.405214
282 20.2823 -7.59909 0.265332 0.362615 0.404725
283 17.6268 -9.52646 0.266391 0.343972 0.404204
284 14.7363 -12.7662 0.26745 0.325489 0.403662
285 12.7154 -15.6832 0.268509 0.306938 0.403068
286 11.5033 -14.7148 0.269568 0.288399 0.402424
287 10.4956 -14.9624 0.270627 0.270087 0.401753
288 9.87328 -17.0679 0.271685 0.251924 0.401038
289 10.3928 -18.8762 0.272744 0.233936 0.400278
290 10.7306 -17.0281 0.273803 0.216167 0.399469
291 10.8274 -18.9897 0.274862 0.198674 0.398612
292 11.4358 -21.8909 0.27592 0.181548 0.397707
293 12.2012 -24.228 0.276979 0.164922 0.396761
294 13.1852 -25.7852 0.278037 0.14899 0.395788
295 14.9154 -25.468 0.279096 0.133995 0.394808
296 16.8335 -30.0959 0.280154 0.120213 0.393853
297 18.6455 -35.3836 0.281213 0.107908 0.392953
298 21.768 -37.0001 0.282271 0.0973093 0.392149
299 25.4381 -38.8997 0.283329 0.0885381 0.391462
300 29.5196 -42.0619 0.284387 0.0816442 0.390914
301 34.8033 -40.9651 0.285446 0.0766061 0.390517
302 41.4645 -38.6784 0.286504 0.0733633 0.390276
303 48.5535 -35.0189 0.287562 0.0718475 0.390193
304 56.5846 -35.7702 0.28862 0.072004 0.39027
305 65.5835 -39.0841 0.289678 0.0738007 0.390506
306 76.0918 -39.0964 0.290736 0.0772244 0.390902
307 86.1413 -33.1921 0.291794 0.0822663 0.391457
308 97.4713 -29.79 0.292852 0.0888982 0.392165
309 110.836 -27.1213 0.293909 0.0970437 0.393013
310 122.974 -22.764 0.294967 0.106583 0.393989
311 133.655 -21.7171 0.296025 0.117295 0.395058
312 144.055 -20.4221 0.297083 0.128921 0.396192
313 153.466 -21.48 0.29814 0.14117 0.397358
314 162.343 -25.651 0.299198 0.153757 0.398527
315 171.299 -20.7835 0.300255 0.166436 0.399676
316 181.875 -22.5689 0.301313 0.179008 0.400791
317 192.729 -22.7669 0.30237 0.191331 0.401863
318 200.948 -21.4312 0.303428 0.203358 0.402897
319 210.044 -19.6123 0.304485 0.214869 0.403863
320 219.605 -14.894 0.305542 0.22598 0.404791
321 227.102 -17.0033 0.3066 0.236614 0.405674
322 233.825 -17.8737 0.307657 0.246756 0.406515
323 240.798 -10.962 0.308714 0.256397 0.407315
324 246.847 -10.0565 0.309771 0.265532 0.408076
325 252.743 -11.1547 0.310828 0.274159 0.408801
326 257.458 -13.8942 0.311885 0.282276 0.409491
327 261.808 -12.5763 0.312942 0.289885 0.410148
328 267.282 -10.3318 0.313999 0.296988 0.410773
329 271.843 -11.6593 0.315056 0.303581 0.411367
330 275.265 -14.0686 0.316113 0.309682 0.411932
331 278.438 -17.4609 0.31717 0.315293 0.41247
332 281.246 -15.4953 0.318227 0.32041 0.41298
333 283.201 -16.7222 0.319283 0.325046 0.413463
334 284.583 -20.8371 0.32034 0.329212 0.413922
335 286.005 -18.7611 0.321397 0.332906 0.414354
336 287.555 -14.7331 0.322453 0.336141 0.414761
337 288.602 -10.5775 0.32351 0.338926 0.415144
338 289.245 -13.1797 0.324566 0.341271 0.415504
339 288.16 -13.4116 0.325623 0.343186 0.415841
340 285.97 -11.8272 0.326679 0.344678 0.416155
341 284.872 -14.8375 0.327736 0.345761 0.416447
342 283.576 -17.3078 0.328792 0.346444 0.416717
343 284.487 -16.2574 0.329848 0.346739 0.416965
344 281.893 -15.8714 0.330905 0.346648 0.41719
345 279.579 -20.4715 0.331961 0.346197 0.417395
346 276.974 -24.8833 0.333017 0.34539 0.417581
347 275.009 -24.2566 0.334073 0.344239 0.417745
348 273.249 -25.5973 0.335129 0.342754 0.417889
349 269.392 -21.0639 0.336185 0.340947 0.418013
350 265.861 -23.6656 0.337241 0.338829 0.418116
351 261.568 -19.2962 0.338297 0.336412 0.418199
352 256.744 -17.7911 0.339353 0.333706 0.418262
353 253.508 -16.8757 0.340409 0.330722 0.418305
354 248.324 -15.8929 0.341465 0.327472 0.418328
355 243.257 -19.2781 0.342521 0.323966 0.418331
356 238.604 -23.3886 0.343577 0.320214 0.418314
357 234.001 -22.6545 0.344632 0.316227 0.418277
358 230.173 -21.4011 0.345688 0.312015 0.418219
359 226.684 -21.6076 0.346744 0.307588 0.41814
360 222.788 -19.8165 0.347799 0.302958 0.418042
361 217.961 -20.0026 0.348855 0.298129 0.417921
362 213.268 -23.1653 0.34991 0.293113 0.41778
363 209.311 -25.2855 0.350966 0.287919 0.417617
364 204.35 -25.0923 0.352021 0.282555 0.417432
365 198.116 -18.3773 0.353076 0.277026 0.417224
366 193.012 -21.32 0.354132 0.271348 0.416994
367 188.008 -22.0255 0.355187 0.26552 0.41674
368 184.501 -25.9661 0.356242 0.259554 0.416463
369 179.206 -21.6871 0.357297 0.253452 0.416159
370 174.539 -23.0353 0.358353 0.247221 0.415829
371 171.433 -25.2413 0.359408 0.240868 0.415472
372 166.477 -27.6058 0.360463 0.234396 0.415086
373 162.049 -32.8873 0.361518 0.227812 0.414671
374 157.116 -27.5751 0.362573 0.221119 0.414225
375 152.504 -28.9184 0.363628 0.214322 0.413746
376 148.204 -27.0245 0.364683 0.207426 0.413233
377 144.31 -29.1923 0.365737 0.200437 0.412683
378 140.068 -25.1163 0.366792 0.193363 0.412097
379 135.794 -25.2389 0.367847 0.186219 0.41147
380 131.716 -23.7595 0.368902 0.179026 0.410806
381 127.53 -28.94 0.369956 0.171814 0.410106
382 124.137 -33.1474 0.371011 0.164625 0.409371
383 120.206 -37.5543 0.372066 0.157518 0.40861
384 115.953 -36.603 0.37312 0.150567 0.407833
385 112.794 -31.9629 0.374175 0.143861 0.407052
386 110.813 -26.9537 0.375229 0.137503 0.406286
387 108.02 -30.2386 0.376284 0.1316 0.405555
388 104.784 -28.5236 0.377338 0.12626 0.40488
389 105.012 -32.1694 0.378392 0.12158 0.404282
390 107.384 -30.9673 0.379447 0.117648 0.403782
391 108.78 -29.6802 0.380501 0.114536 0.403399
392 109.075 -28.2258 0.381555 0.112287 0.403144
393 110.944 -24.0043 0.382609 0.110925 0.403027
394 113.042 -21.9433 0.383663 0.110472 0.403057
395 114.656 -16.4682 0.384718 0.110926 0.403236
396 115.112 -14.4992 0.385772 0.112271 0.403564
397 115.86 -16.1227 0.386826 0.114461 0.404035
398 117.795 -12.5142 0.38788 0.117472 0.404645
399 117.624 -9.51045 0.388933 0.121227 0.405381
400 117.946 -5.61018 0.389987 0.125641 0.406228
401 116.905 0.0626195 0.391041 0.130616 0.407165
402 115.649 3.14077 0.392095 0.136042 0.408173
403 113.137 2.20519 0.393149 0.1418 0.409229
404 108.374 1.38922 0.394202 0.147772 0.410312
405 102.765 0.70371 0.395256 0.153847 0.411402
406 98.3001 -1.84028 0.39631 0.159925 0.412483
407 93.4083 -4.36395 0.397363 0.165925 0.413542
408 88.9699 -2.36763 0.398417 0.171779 0.414568
409 84.1483 -2.57032 0.39947 0.177438 0.415556
410 78.7548 -0.216268 0.400524 0.182872 0.416504
411 73.8722 3.61527 0.401577 0.188057 0.417408
412 68.8608 4.05555 0.402631 0.192983 0.41827
413 64.2908 -2.96251 0.403684 0.197646 0.419091
414 59.6892 -5.77777 0.404737 0.202044 0.419872
415 54.4239 3.20988 0.40579 0.206182 0.420615
416 50.7256 1.93261 0.406844 0.210066 0.421322
417 47.3042 -3.94555 0.407897 0.2137 0.421995
418 43.3092 -8.42543 0.40895 0.217092 0.422635
419 39.7605 -9.99212 0.410003 0.220249 0.423245
420 36.0797 -13.758 0.411056 0.223178 0.423827
421 32.8225 -12.7577 0.412109 0.225885 0.42438
422 30.5953 -13.2654 0.413162 0.228377 0.424908
423 28.4065 -16.3403 0.414215 0.230661 0.42541
424 26.4101 -13.067 0.415268 0.232742 0.425888
425 23.7379 -13.7908 0.41632 0.234626 0.426344
426 20.8441 -13.9208 0.417373 0.23632 0.426777
427 18.0164 -11.8447 0.418426 0.237829 0.427188
428 16.8087 -15.5025 0.419478 0.239158 0.427579
429 14.7176 -15.4439 0.420531 0.240313 0.42795
430 13.0025 -16.817 0.421584 0.241299 0.428301
431 11.7718 -14.9746 0.422636 0.242122 0.428633
432 10.6474 -13.7448 0.423689 0.242786 0.428947
433 9.70329 -18.1057 0.424741 0.243296 0.429243
434 9.228 -22.0997 0.425794 0.243657 0.429522
435 9.04749 -22.5879 0.426846 0.243874 0.429783
436 9.09893 -23.6741 0.427898 0.243951 0.430027
437 9.04084 -22.9984 0.428951 0.243893 0.430256
438 8.00028 -17.8537 0.430003 0.243704 0.430468
439 7.77212 -19.1317 0.431055 0.243389 0.430664
440 8.69459 -19.8503 0.432107 0.242951 0.430845
441 9.53705 -22.8002 0.433159 0.242396 0.43101
442 9.91837 -23.6015 0.434211 0.241726 0.431161
443 9.16177 -21.0005 0.435263 0.240947 0.431296
444 8.96588 -20.163 0.436315 0.240061 0.431416
445 9.6508 -23.7581 0.437367 0.239074 0.431523
446 10.877 -25.0692 0.438419 0.237987 0.431614
447 11.3355 -21.685 0.439471 0.236806 0.431691
448 11.7679 -21.5285 0.440523 0.235533 0.431755
449 12.8367 -20.7231 0.441574 0.234173 0.431804
450 14.4348 -20.9362 0.442626 0.232728 0.431838
451 15.414 -16.9675 0.443678 0.231202 0.431859
452 16.1391 -18.899 0.444729 0.229597 0.431866
453 16.833 -19.0745 0.445781 0.227919 0.431859
454 18.7002 -20.6372 0.446832 0.226168 0.431838
455 20.4045 -23.3356 0.447884 0.224349 0.431803
456 20.9515 -24.6147 0.448935 0.222464 0.431753
457 21.6992 -24.5473 0.449987 0.220517 0.43169
458 23.5795 -28.0277 0.451038 0.21851 0.431613
459 24.6702 -27.559 0.452089 0.216445 0.431521
460 25.9272 -24.3497 0.453141 0.214326 0.431415
461 27.2912 -19.2397 0.454192 0.212156 0.431295
462 28.9361 -19.8081 0.455243 0.209938 0.43116
463 31.0276 -24.5204 0.456294 0.207674 0.43101
464 31.7525 -23.2411 0.457345 0.205369 0.430846
465 32.9048 -30.658 0.458396 0.203026 0.430668
466 35.3628 -31.3268 0.459447 0.20065 0.430474
467 36.6875 -25.8364 0.460498 0.198245 0.430267
468 37.72 -26.0585 0.461549 0.195818 0.430047
469 39.5503 -26.7914 0.4626 0.193378 0.429814
470 41.0975 -28.3339 0.463651 0.190932 0.429569
471 42.2378 -23.8597 0.464702 0.188495 0.429316
472 43.9083 -23.1455 0.465752 0.186078 0.429055
473 45.596 -25.3318 0.466803 0.183701 0.428792
474 47.998 -29.1494 0.467854 0.181383 0.428529
475 49.9195 -25.4625 0.468904 0.179148 0.428272
476 51.6892 -25.951 0.469955 0.17702 0.428028
477 53.7223 -27.9856 0.471005 0.175029 0.427802
478 56.0152 -31.5482 0.472056 0.173203 0.427603
479 58.4228 -30.7926 0.473106 0.171572 0.427439
480 61.1055 -28.0492 0.474156 0.170164 0.427317
481 63.2879 -24.632 0.475207 0.169005 0.427245
482 66.071 -23.7022 0.476257 0.168119 0.42723
483 69.1023 -23.6614 0.477307 0.167522 0.427277
484 72.9779 -24.1831 0.478357 0.167227 0.427392
485 76.7867 -24.2266 0.479407 0.16724 0.427576
486 80.3792 -24.3733 0.480457 0.167559 0.427831
487 84.157 -23.1836 0.481507 0.168176 0.428156
488 87.8673 -18.2261 0.482557 0.169078 0.428549
489 91.871 -18.304 0.483607 0.170243 0.429004
490 94.3233 -18.0801 0.484657 0.171646 0.429516
491 97.138 -17.0106 0.485707 0.173256 0.430077
492 101.068 -14.2535 0.486757 0.175041 0.430681
493 104.486 -10.7546 0.487807 0.176968 0.431317
494 108.416 -12.9757 0.488856 0.179001 0.431979
495 111.328 -13.5284 0.489906 0.181109 0.432658
496 113.63 -10.8961 0.490956 0.183261 0.433347
497 116.168 -9.20337 0.492005 0.185428 0.434039
498 118.437 -5.38857 0.493055 0.187587 0.434728
499 120.135 -0.62872 0.494104 0.189718 0.435411
500 122.305 -2.60735 0.495154 0.191802 0.436083
501 124.447 -7.53208 0.496203 0.193828 0.436741
502 125.111 -5.57907 0.497252 0.195784 0.437384
503 125.948 -5.89713 0.498301 0.197664 0.43801
504 126.923 -8.97221 0.499351 0.199462 0.438618
505 127.069 -11.7263 0.5004 0.201176 0.439207
506 126.545 -3.80017 0.501449 0.202803 0.439779
507 126.679 -0.589372 0.502498 0.204343 0.440332
508 126.398 0.273591 0.503547 0.205797 0.440868
509 125.998 -4.61901 0.504596 0.207166 0.441387
510 126.627 -5.82731 0.505645 0.208451 0.441889
511 125.972 -5.4464 0.506694 0.209654 0.442374
512 125.965 -8.40769 0.507743 0.210777 0.442844
513 125.35 -10.2271 0.508792 0.211822 0.443299
514 124.233 -7.35326 0.50984 0.212791 0.443739
515 123.461 -6.16958 0.510889 0.213687 0.444165
516 122.029 -2.005 0.511938 0.214511 0.444577
517 119.904 -1.7534 0.512986 0.215266 0.444976
518 118.516 -4.01745 0.514035 0.215953 0.445363
519 117.384 -5.68545 0.515083 0.216576 0.445737
520 115.905 -6.59363 0.516132 0.217135 0.446099
521 114.662 -6.0501 0.51718 0.217634 0.446449
522 113.006 -4.45699 0.518229 0.218074 0.446789
523 110.755 -5.77236 0.519277 0.218457 0.447117
524 108.167 -2.24228 0.520325 0.218784 0.447435
525 107.263 0.598513 0.521373 0.219059 0.447743
526 105.824 -0.768318 0.522422 0.219282 0.448041
527 104.875 -3.45222 0.52347 0.219456 0.44833
528 102.922 -1.39899 0.524518 0.219582 0.448609
529 99.9083 1.04169 0.525566 0.219663 0.448879
530 98.8676 -0.761687 0.526614 0.219699 0.44914
531 97.2784 -1.6875 0.527662 0.219692 0.449392
532 95.0257 -0.509456 0.52871 0.219645 0.449637
533 92.9097 -1.75985 0.529757 0.219559 0.449873
534 90.7297 -1.78475 0.530805 0.219435 0.450101
535 87.821 0.664254 0.531853 0.219275 0.450322
536 85.463 -4.40971 0.532901 0.219081 0.450535
537 83.9693 -8.39662 0.533948 0.218854 0.450741
538 82.4701 -5.60898 0.534996 0.218596 0.45094
539 80.3937 -5.54632 0.536043 0.218309 0.451133
540 78.6148 -8.25643 0.537091 0.217993 0.451318
541 77.0563 -8.96046 0.538138 0.217651 0.451498
542 74.6289 -9.34062 0.539186 0.217285 0.451671
543 71.9023 -3.44065 0.540233 0.216895 0.451839
544 70.1652 0.215516 0.54128 0.216483 0.452001
545 68.5676 -2.64908 0.542327 0.216051 0.452158
546 67.7083 -7.81234 0.543375 0.215601 0.452309
547 67.009 -5.16378 0.544422 0.215133 0.452456
548 65.1995 -4.3057 0.545469 0.21465 0.452597
549 60.9372 -1.36704 0.546516 0.214154 0.452735
550 59.2629 -0.948342 0.547563 0.213645 0.452868
551 57.8291 -2.92066 0.54861 0.213126 0.452998
552 55.5759 -5.6456 0.549657 0.212599 0.453125
553 53.8539 -6.07538 0.550703 0.212065 0.453248
554 51.9804 -2.96119 0.55175 0.211526 0.453369
555 50.3083 0.349228 0.552797 0.210985 0.453487
556 49.2479 -1.33743 0.553844 0.210444 0.453604
557 47.87 -4.02382 0.55489 0.209905 0.45372
558 46.9494 -6.97471 0.555937 0.209371 0.453836
559 44.5941 -6.36046 0.556983 0.208844 0.453951
560 43.1812 -5.17276 0.55803 0.208327 0.454068
561 42.1316 -3.50552 0.559076 0.207824 0.454186
562 40.2618 -1.80115 0.560123 0.207338 0.454308
563 39.3708 -1.67951 0.561169 0.206873 0.454433
564 38.2532 -1.99472 0.562215 0.206431 0.454563
565 36.9318 -3.09783 0.563261 0.206018 0.4547
566 35.2155 -1.49472 0.564307 0.205637 0.454844
567 33.3997 1.32094 0.565354 0.205293 0.454996
568 32.3002 2.47031 0.5664 0.204989 0.455159
569 31.2043 3.2948 0.567446 0.20473 0.455334
570 29.9917 3.54865 0.568492 0.204518 0.455521
571 29.7585 0.0371834 0.569537 0.204358 0.455722
572 28.3241 -1.10288 0.570583 0.204253 0.455939
573 27.1496 -6.26842 0.571629 0.204204 0.456171
574 25.9426 -2.43894 0.572675 0.204213 0.456421
575 24.6485 2.53686 0.573721 0.204286 0.456694
576 24.0502 0.917806 0.574766 0.204413 0.456978
577 22.7448 2.61009 0.575812 0.204598 0.45728
578 22.1764 -0.742565 0.576857 0.204839 0.457599
579 21.4997 -4.51998 0.577903 0.205134 0.457935
580 20.5493 -1.53618 0.578948 0.20548 0.458286
581 19.3176 -1.16311 0.579994 0.205872 0.458652
582 18.7223 -1.74875 0.581039 0.206306 0.459032
583 17.2699 -0.190597 0.582084 0.206778 0.459424
584 15.7923 1.97392 0.583129 0.207282 0.459826
585 15.4111 2.12859 0.584175 0.207813 0.460237
586 15.1598 0.282448 0.58522 0.208366 0.460656
587 15.1474 -0.755841 0.586265 0.208936 0.461082
588 14.2177 -1.6181 0.58731 0.209518 0.461511
589 12.8023 -1.48638 0.588355 0.210108 0.461944
590 12.7619 -0.378793 0.5894 0.2107 0.462379
591 11.8866 -1.62139 0.590444 0.211293 0.462815
592 10.635 -0.946342 0.591489 0.211881 0.46325
593 9.4087 2.56722 0.592534 0.212463 0.463684
594 9.24429 3.40923 0.593579 0.213035 0.464117
595 9.66586 -1.16814 0.594623 0.213596 0.464547
596 9.29885 -6.51963 0.595668 0.214143 0.464974
597 8.33924 -4.4897 0.596712 0.214676 0.465398
598 7.06718 -0.644344 0.597757 0.215188 0.46581
599 6.72095 2.7996 0.598801 0.215688 0.466225
600 6.99452 -2.57571 0.599846 0.21617 0.466637
