250 317.578 -0.469088 0.231434 0.612014 0.316405
251 297.364 -0.156076 0.232495 0.611418 0.31658
252 275.547 0.640741 0.233556 0.609824 0.316738
253 255.377 -0.368547 0.234616 0.60726 0.31688
254 236.082 -4.82008 0.235677 0.603759 0.317006
255 217.5 -5.84028 0.236738 0.599356 0.317115
256 200.854 -3.71423 0.237798 0.594086 0.317208
257 186.554 -4.67338 0.238859 0.587987 0.317284
258 171.241 -2.27006 0.239919 0.581096 0.317345
259 157.343 -3.94016 0.240979 0.573451 0.317389
260 144.916 -2.96676 0.24204 0.565092 0.317416
261 129.888 0.952624 0.2431 0.556056 0.317428
262 119.716 1.08224 0.24416 0.546383 0.317423
263 109.656 -3.69804 0.24522 0.536111 0.317401
264 99.6851 -3.46792 0.24628 0.52528 0.317363
265 89.6664 -4.87551 0.24734 0.513928 0.317308
266 82.1357 -8.60627 0.2484 0.502094 0.317236
267 73.7355 -8.07997 0.24946 0.489796 0.317147
268 66.272 -2.42386 0.25052 0.47711 0.317042
269 60.178 -2.61684 0.25158 0.464053 0.316919
270 54.5068 -5.19808 0.25264 0.45066 0.316779
271 48.7993 -6.59184 0.253699 0.436967 0.316621
272 43.1761 -3.56667 0.254759 0.423021 0.316446
273 37.5432 -5.30741 0.255819 0.408829 0.316252
274 31.8131 -4.5137 0.256878 0.394438 0.316039
275 27.9865 -4.59602 0.257938 0.379892 0.315808
276 24.9167 -7.16078 0.258997 0.365196 0.315557
277 21.9097 -3.30565 0.260056 0.35039 0.315286
278 18.333 -0.926689 0.261116 0.335507 0.314995
279 16.0234 -3.96593 0.262175 0.32056 0.314682
280 14.7337 -5.36541 0.263234 0.305599 0.314348
281 12.589 -2.59915 0.264293 0.290623 0.31399
282 11.0966 -1.46082 0.265352 0.275797 0.313622
283 10.2094 -2.59982 0.266412 0.260824 0.313206
284 8.73939 -3.54094 0.267471 0.246004 0.312775
285 6.95102 -4.86548 0.26853 0.231272 0.312317
286 6.14327 -2.87366 0.269588 0.216655 0.31183
287 6.1623 -4.72657 0.270647 0.202172 0.311313
288 6.05497 -4.17503 0.271706 0.187846 0.310762
289 6.30912 -8.29793 0.272765 0.173705 0.310178
290 5.89396 -7.54611 0.273824 0.159786 0.309559
291 5.79995 -9.96397 0.274882 0.146142 0.308903
292 6.01263 -10.2416 0.275941 0.132854 0.308214
293 6.13505 -9.01929 0.276999 0.120038 0.307499
294 6.9721 -9.03033 0.278058 0.107855 0.306768
295 7.7759 -10.8028 0.279116 0.0964922 0.306038
296 8.42919 -10.515 0.280175 0.0861723 0.305339
297 9.55585 -12.2198 0.281233 0.0770667 0.304689
298 11.3707 -12.9129 0.282292 0.069318 0.304114
299 13.4042 -11.7 0.28335 0.0629938 0.303632
300 16.2562 -13.6096 0.284408 0.0580992 0.303254
301 19.4509 -15.8431 0.285466 0.0545935 0.302987
302 23.6436 -15.6556 0.286524 0.0524158 0.302834
303 28.0671 -14.1851 0.287583 0.0515077 0.302794
304 32.892 -10.9029 0.288641 0.0518268 0.302869
305 37.9171 -8.95838 0.289699 0.0533516 0.303058
306 42.7883 -13.067 0.290757 0.056077 0.303362
307 47.6494 -12.0562 0.291814 0.0600016 0.30378
308 52.7885 -11.9422 0.292872 0.0651101 0.304309
309 57.5685 -12.4645 0.29393 0.0713528 0.30494
310 62.4766 -9.86678 0.294988 0.0786283 0.305658
311 66.9902 -8.88409 0.296046 0.0867979 0.306449
312 72.7037 -5.54716 0.297103 0.0956549 0.307284
313 78.1977 -2.70515 0.298161 0.104989 0.308141
314 84.3184 -4.98571 0.299219 0.11459 0.309001
315 90.1219 -4.10206 0.300276 0.124273 0.309846
316 95.435 -3.70204 0.301334 0.133894 0.310667
317 100.492 -3.37177 0.302391 0.143342 0.311456
318 105.538 -2.92783 0.303448 0.152544 0.312212
319 110.087 -3.50958 0.304506 0.161449 0.312932
320 114.958 -6.9549 0.305563 0.170076 0.313627
321 117.499 -3.22435 0.30662 0.178246 0.314271
322 123.448 -5.70591 0.307678 0.186103 0.314893
323 127.786 -1.52965 0.308735 0.193585 0.315486
324 130.333 -1.16434 0.309792 0.200683 0.31605
325 133.888 -5.97702 0.310849 0.207396 0.316587
326 137.158 -6.12713 0.311906 0.213717 0.317099
327 139.85 -4.88665 0.312963 0.219649 0.317586
328 143.371 -2.97213 0.31402 0.225185 0.318049
329 146.712 -2.50454 0.315077 0.230335 0.31849
330 148.557 -1.1239 0.316134 0.235101 0.318909
331 150.762 -2.5504 0.317191 0.239475 0.319307
332 151.581 -2.26793 0.318247 0.243467 0.319684
333 152.95 -1.92022 0.319304 0.247078 0.320041
334 153.08 -0.642009 0.320361 0.250316 0.320378
335 153.82 -3.28813 0.321417 0.253184 0.320697
336 153.992 -5.30555 0.322474 0.255688 0.320997
337 155.406 -4.16165 0.323531 0.257835 0.321278
338 155.56 -0.101783 0.324587 0.259632 0.321542
339 155.102 -2.20667 0.325644 0.261085 0.321788
340 155.561 -3.38422 0.3267 0.262205 0.322018
341 155.159 -3.35367 0.327757 0.262993 0.32223
342 153.143 -4.35799 0.328813 0.263461 0.322425
343 151.841 -1.7812 0.329869 0.263616 0.322604
344 152.263 -1.97849 0.330925 0.263468 0.322766
345 150.847 -5.93387 0.331982 0.263025 0.322912
346 148.649 -5.14957 0.333038 0.262295 0.323042
347 147.234 -6.63251 0.334094 0.261288 0.323155
348 145.686 -5.79216 0.33515 0.260012 0.323253
349 144.521 -5.36346 0.336206 0.258477 0.323336
350 143.524 -6.55504 0.337262 0.256691 0.323402
351 141.878 -7.65948 0.338318 0.254663 0.323453
352 140.518 -6.72178 0.339374 0.252403 0.323489
353 137.856 -3.80176 0.34043 0.24992 0.323508
354 135.052 -3.76549 0.341486 0.247221 0.323513
355 132.552 -8.31688 0.342541 0.244316 0.323501
356 130.22 -8.25503 0.343597 0.241214 0.323474
357 127.771 -5.21761 0.344653 0.237923 0.32343
358 125.131 -2.67938 0.345709 0.234452 0.323371
359 122.844 -2.86097 0.346764 0.230808 0.323296
360 120.446 -6.02917 0.34782 0.226999 0.323205
361 118.206 -8.31891 0.348875 0.223034 0.323097
362 115.013 -10.5181 0.349931 0.21892 0.322972
363 112.328 -9.85261 0.350986 0.214664 0.32283
364 110.411 -11.83 0.352042 0.210273 0.322671
365 108.445 -11.7463 0.353097 0.205753 0.322494
366 106.622 -7.87053 0.354152 0.201113 0.322299
367 103.521 -6.96172 0.355208 0.19636 0.322085
368 100.78 -11.1342 0.356263 0.191495 0.321852
369 97.2944 -13.2206 0.357318 0.186527 0.321599
370 94.3394 -11.2922 0.358373 0.18146 0.321325
371 92.5067 -10.331 0.359428 0.176299 0.321028
372 89.5447 -11.4155 0.360483 0.171049 0.32071
373 87.2249 -14.9212 0.361538 0.165714 0.320369
374 84.6082 -14.5904 0.362593 0.160299 0.320002
375 82.3491 -13.9493 0.363648 0.154808 0.31961
376 80.5144 -11.2558 0.364703 0.149245 0.31919
377 78.0345 -7.30401 0.365758 0.143618 0.318741
378 75.7255 -6.3097 0.366813 0.137936 0.318263
379 73.0107 -9.37725 0.367868 0.132213 0.317754
380 71.51 -11.5548 0.368922 0.126468 0.317216
381 68.9629 -9.03652 0.369977 0.12073 0.31665
382 66.3607 -7.00012 0.371032 0.11504 0.316059
383 64.3459 -11.7752 0.372086 0.109448 0.315451
384 62.6071 -14.824 0.373141 0.10402 0.314834
385 61.5682 -17.1396 0.374195 0.0988274 0.314221
386 60.9756 -15.5695 0.37525 0.093966 0.31363
387 60.0443 -16.3189 0.376304 0.0894882 0.313067
388 58.8552 -15.4118 0.377359 0.0854761 0.312551
389 59.0067 -14.2066 0.378413 0.0820212 0.312105
390 59.459 -14.2202 0.379467 0.0791536 0.311735
391 60.4341 -11.8105 0.380522 0.0769253 0.311458
392 61.1925 -9.43492 0.381576 0.075358 0.311279
393 62.9625 -3.05011 0.38263 0.0744658 0.311207
394 63.6405 -3.37213 0.383684 0.0742523 0.311243
395 65.0586 -2.52998 0.384738 0.0747122 0.31139
396 65.7119 -2.03607 0.385792 0.0758315 0.311648
397 65.6652 -2.50978 0.386846 0.077587 0.312012
398 65.1807 -4.06124 0.3879 0.0799453 0.312478
399 64.8808 -3.59309 0.388954 0.0828721 0.313041
400 64.0237 1.71073 0.390008 0.0862837 0.313682
401 62.3839 3.79246 0.391062 0.090119 0.314389
402 60.7886 5.22791 0.392116 0.0943107 0.315152
403 58.5581 1.66164 0.393169 0.0987639 0.315952
404 57.6496 0.944522 0.394223 0.10339 0.316773
405 54.8127 -2.88185 0.395277 0.108105 0.3176
406 52.4122 -5.17166 0.39633 0.112832 0.31842
407 50.5533 -3.36404 0.397384 0.117507 0.319225
408 47.7602 -1.76659 0.398437 0.122078 0.320004
409 45.3003 -1.98644 0.399491 0.126507 0.320755
410 42.7011 -2.49275 0.400544 0.130766 0.321474
411 40.5716 1.85829 0.401598 0.134837 0.322161
412 38.0838 -1.3505 0.402651 0.138712 0.322815
413 35.2275 -3.92374 0.403704 0.142383 0.323436
414 32.3216 -4.69188 0.404758 0.145852 0.324028
415 30.0412 -1.27827 0.405811 0.14912 0.32459
416 28.3167 -0.77382 0.406864 0.15219 0.325125
417 26.1117 0.943047 0.407917 0.155066 0.325633
418 23.7093 -2.18714 0.40897 0.157752 0.326117
419 21.6931 -5.28243 0.410023 0.160253 0.326577
420 20.0646 -4.37497 0.411077 0.162573 0.327015
421 18.3241 -6.81002 0.412129 0.164718 0.327431
422 16.9215 -6.87672 0.413182 0.166691 0.327826
423 14.8933 -3.25906 0.414235 0.168498 0.328203
424 14.1059 -5.25353 0.415288 0.170143 0.32856
425 12.8569 -6.62881 0.416341 0.17163 0.328899
426 11.6433 -9.73177 0.417394 0.172963 0.329221
427 9.92351 -7.36453 0.418446 0.174148 0.329526
428 8.83972 -4.90133 0.419499 0.175186 0.329814
429 7.78272 -6.85101 0.420552 0.176083 0.330087
430 6.83425 -7.62042 0.421604 0.176843 0.330344
431 6.57338 -6.17244 0.422657 0.17747 0.330587
432 6.35841 -8.29871 0.423709 0.177967 0.330814
433 5.63454 -7.49967 0.424762 0.178338 0.331028
434 5.29682 -6.00971 0.425814 0.178587 0.331227
435 4.66442 -5.92883 0.426867 0.178718 0.331413
436 4.10812 -8.6239 0.427919 0.178734 0.331585
437 4.35761 -8.5838 0.428971 0.178638 0.331744
438 4.0563 -3.50198 0.430023 0.178434 0.33189
439 4.35299 -6.21113 0.431076 0.178125 0.332024
440 4.38162 -7.03329 0.432128 0.177716 0.332145
441 4.59786 -9.531 0.43318 0.177208 0.332253
442 4.56179 -8.47209 0.434232 0.176606 0.332349
443 4.75496 -8.84559 0.435284 0.175912 0.332433
444 4.88469 -7.24846 0.436336 0.175129 0.332505
445 5.37024 -11.1758 0.437388 0.174262 0.332565
446 6.0108 -12.9587 0.43844 0.173312 0.332613
447 6.26704 -11.2134 0.439491 0.172282 0.332649
448 6.736 -11.7864 0.440543 0.171175 0.332673
449 7.26882 -10.7405 0.441595 0.169995 0.332686
450 7.07614 -5.59142 0.442647 0.168744 0.332686
451 7.70934 -6.88445 0.443698 0.167424 0.332675
452 8.33509 -6.2781 0.44475 0.166038 0.332653
453 8.79879 -5.58598 0.445802 0.164588 0.332618
454 9.13689 -5.3335 0.446853 0.163078 0.332572
455 10.1027 -5.89145 0.447905 0.161509 0.332513
456 10.5903 -4.72612 0.448956 0.159883 0.332443
457 11.3273 -7.62088 0.450007 0.158204 0.33236
458 12.3148 -10.6231 0.451059 0.156473 0.332265
459 13.0621 -10.0193 0.45211 0.154692 0.332157
460 13.493 -11.4712 0.453161 0.152863 0.332037
461 14.0836 -10.3287 0.454213 0.15099 0.331904
462 14.6511 -9.34078 0.455264 0.149073 0.331758
463 15.151 -9.93804 0.456315 0.147116 0.331599
464 16.1733 -8.98625 0.457366 0.145122 0.331427
465 17.0191 -12.1303 0.458417 0.143092 0.331241
466 17.9 -13.2496 0.459468 0.141032 0.331042
467 18.5242 -10.6208 0.460519 0.138945 0.330829
468 19.3915 -9.17834 0.46157 0.136837 0.330604
469 20.772 -11.2763 0.462621 0.134715 0.330368
470 21.5406 -13.3454 0.463671 0.132588 0.33012
471 21.8017 -11.0946 0.464722 0.130467 0.329864
472 22.6407 -13.033 0.465773 0.128364 0.3296
473 23.1254 -13.1707 0.466824 0.126296 0.329334
474 23.8923 -10.5227 0.467874 0.124281 0.329068
475 25.1896 -13.4777 0.468925 0.122341 0.328807
476 26.5982 -15.891 0.469975 0.120498 0.328558
477 27.7069 -15.3847 0.471026 0.118779 0.328325
478 28.306 -15.2464 0.472076 0.117207 0.328117
479 29.3084 -15.4297 0.473127 0.115809 0.32794
480 30.9129 -14.6432 0.474177 0.114609 0.3278
481 32.481 -12.1569 0.475227 0.113627 0.327706
482 34.2001 -9.39682 0.476277 0.112884 0.327661
483 35.9824 -8.93094 0.477328 0.112391 0.327672
484 37.821 -7.60901 0.478378 0.112159 0.327742
485 39.7122 -8.54479 0.479428 0.112191 0.327872
486 41.3616 -13.1155 0.480478 0.112484 0.328064
487 43.0788 -13.9333 0.481528 0.113031 0.328316
488 44.6359 -10.1875 0.482578 0.11382 0.328625
489 46.6317 -10.078 0.483628 0.114831 0.328989
490 48.1758 -8.63252 0.484678 0.116044 0.3294
491 50.0024 -4.66734 0.485728 0.117431 0.329854
492 52.0203 -5.34292 0.486777 0.118966 0.330342
493 54.1144 -6.97776 0.487827 0.12062 0.330859
494 55.6031 -5.08977 0.488877 0.122363 0.331396
495 57.0914 -2.24018 0.489927 0.124167 0.331947
496 58.3908 -4.0796 0.490976 0.126006 0.332505
497 59.9951 -5.07629 0.492026 0.127856 0.333065
498 60.7145 -1.9052 0.493075 0.129697 0.333621
499 61.3601 -1.63214 0.494125 0.13151 0.33417
500 62.0167 -1.274 0.495174 0.133283 0.334709
501 62.6922 0.211875 0.496223 0.135002 0.335236
502 63.2494 -2.18867 0.497273 0.13666 0.335748
503 63.8375 -2.52036 0.498322 0.138251 0.336244
504 64.2381 -2.47436 0.499371 0.139772 0.336726
505 64.113 -0.331716 0.50042 0.141217 0.33719
506 64.1778 -0.402114 0.50147 0.142587 0.337639
507 64.6808 -2.13456 0.502519 0.143882 0.338071
508 64.9273 -0.316961 0.503568 0.145102 0.338488
509 64.6943 -1.6008 0.504617 0.146248 0.33889
510 65.4427 -0.472814 0.505666 0.147322 0.339277
511 64.8681 2.01499 0.506715 0.148324 0.33965
512 64.3653 -3.18664 0.507763 0.149258 0.34001
513 64.3368 -5.33803 0.508812 0.150124 0.340356
514 63.8156 -4.77482 0.509861 0.150925 0.34069
515 63.4264 -3.78624 0.51091 0.151662 0.341011
516 62.123 0.256707 0.511958 0.152338 0.341321
517 61.0918 1.86513 0.513007 0.152953 0.34162
518 60.6702 0.34517 0.514055 0.153511 0.341907
519 59.6286 2.03242 0.515104 0.154012 0.342184
520 58.9319 -1.53468 0.516152 0.154458 0.342451
521 58.7982 -3.44323 0.517201 0.154852 0.342707
522 58.0683 -2.81801 0.518249 0.155194 0.342954
523 56.6149 -2.24418 0.519297 0.155487 0.343192
524 56.7155 0.0175588 0.520346 0.155732 0.34342
525 56.0664 1.94098 0.521394 0.155931 0.34364
526 54.9527 3.61437 0.522442 0.156084 0.343851
527 53.6153 2.36651 0.52349 0.156194 0.344053
528 52.8169 -2.40571 0.524538 0.156262 0.344247
529 51.6315 -0.826392 0.525586 0.15629 0.344434
530 50.6688 -0.764294 0.526634 0.156279 0.344613
531 49.7649 -1.84571 0.527682 0.156231 0.344784
532 48.8742 -0.205625 0.52873 0.156146 0.344948
533 47.6444 -2.87076 0.529778 0.156026 0.345104
534 46.8795 -3.53052 0.530826 0.155873 0.345254
535 45.8133 -4.86453 0.531873 0.155688 0.345397
536 44.7902 -2.39089 0.532921 0.155472 0.345533
537 43.5742 -0.224841 0.533969 0.155227 0.345663
538 42.0468 0.898835 0.535016 0.154953 0.345786
539 41.2426 -1.10543 0.536064 0.154653 0.345903
540 40.8341 -1.20381 0.537111 0.154326 0.346014
541 39.6831 -0.863263 0.538159 0.153976 0.346119
542 38.345 -2.16066 0.539206 0.153602 0.346218
543 37.2988 -1.71587 0.540253 0.153207 0.346312
544 36.5069 -1.23446 0.541301 0.152791 0.3464
545 34.9019 -1.27325 0.542348 0.152355 0.346483
546 34.3159 -0.544975 0.543395 0.151902 0.346561
547 34.3715 -1.38238 0.544442 0.151432 0.346634
548 32.8197 0.700772 0.545489 0.150947 0.346702
549 31.338 0.561724 0.546536 0.150448 0.346766
550 30.2546 2.75953 0.547583 0.149937 0.346826
551 30.0325 -0.430451 0.54863 0.149414 0.346881
552 28.5204 -1.5579 0.549677 0.148882 0.346933
553 27.6768 0.781731 0.550724 0.148343 0.346981
554 27.0536 0.705582 0.551771 0.147797 0.347026
555 26.1798 1.47391 0.552817 0.147247 0.347069
556 24.9671 0.795086 0.553864 0.146694 0.347108
557 24.9846 -0.141157 0.554911 0.146142 0.347146
558 24.1105 -4.74161 0.555957 0.145592 0.347183
559 23.3638 -5.96082 0.557004 0.145047 0.347219
560 22.5393 -2.46889 0.55805 0.144509 0.347255
561 21.6371 -1.3554 0.559097 0.143983 0.347292
562 20.969 -2.87729 0.560143 0.143471 0.347331
563 20.2483 -4.2415 0.561189 0.142977 0.347373
564 19.7003 -3.62399 0.562236 0.142505 0.347419
565 18.964 -6.1789 0.563282 0.142058 0.34747
566 18.1229 -3.79165 0.564328 0.141642 0.347528
567 17.8223 -4.38274 0.565374 0.141261 0.347594
568 17.1031 -5.27035 0.56642 0.140919 0.34767
569 16.3455 -1.69542 0.567466 0.140619 0.347756
570 15.8242 -0.83713 0.568512 0.140367 0.347856
571 15.1392 -1.58783 0.569558 0.140166 0.347969
572 14.0025 0.545497 0.570604 0.140019 0.348097
573 13.7858 -3.61901 0.57165 0.139928 0.348241
574 13.8652 -6.97516 0.572695 0.139895 0.348402
575 13.2543 -6.19311 0.573741 0.139921 0.34858
576 12.5206 -6.12142 0.574787 0.140005 0.348776
577 12.1554 -5.6453 0.575832 0.140148 0.34899
578 11.2888 -3.36084 0.576878 0.140347 0.34922
579 11.1675 -4.21263 0.577923 0.1406 0.349468
580 10.8192 -2.70768 0.578969 0.140903 0.349731
581 10.0936 -0.871607 0.580014 0.141252 0.350008
582 9.999 -3.18102 0.581059 0.141642 0.350299
583 9.54091 -3.31233 0.582105 0.142069 0.350601
584 8.75776 -2.13787 0.58315 0.142527 0.350914
585 8.42195 -1.75506 0.584195 0.143011 0.351235
586 8.05135 -4.42348 0.58524 0.143516 0.351563
587 7.54833 -3.19131 0.586285 0.144036 0.351897
588 6.97364 -0.207771 0.58733 0.144567 0.352234
589 6.41358 0.170509 0.588375 0.145104 0.352574
590 6.52629 0.596202 0.58942 0.145642 0.352915
591 6.79759 -1.00177 0.590465 0.146179 0.353256
592 5.84853 1.74995 0.59151 0.146711 0.353596
593 5.32317 2.63436 0.592554 0.147234 0.353934
594 5.28546 1.06032 0.593599 0.147747 0.35427
595 5.15031 0.741271 0.594644 0.148248 0.354603
596 4.76508 -2.93955 0.595688 0.148734 0.354933
597 4.23717 -3.169 0.596733 0.149205 0.355258
598 3.8483 -1.42919 0.597777 0.14966 0.355579
599 3.54579 -0.0836816 0.598822 0.150097 0.355896
600 3.44114 0.214738 0.599866 0.150517 0.356208
