290 20.292 -37.8247 0.275606 0.255011 0.399402
291 23.1063 -3.47671 0.276665 0.241085 0.398926
292 25.9961 -9.50766 0.277723 0.227256 0.398422
293 28.9786 -14.6789 0.278782 0.213546 0.397887
294 32.5943 -11.2428 0.27984 0.199978 0.397322
295 35.9616 -2.96094 0.280899 0.186573 0.396725
296 40.2479 0.146084 0.281957 0.173371 0.396095
297 44.6116 -3.77892 0.283015 0.160419 0.395433
298 48.6977 0.0361119 0.284074 0.147785 0.394742
299 54.2199 -0.483107 0.285132 0.135552 0.394022
300 60.2246 -5.66512 0.28619 0.123892 0.393302
301 66.2046 -7.97517 0.287248 0.112914 0.392579
302 73.3849 -9.5875 0.288306 0.102808 0.391878
303 80.8719 -12.4278 0.289364 0.0937425 0.391222
304 89.6166 -13.2819 0.290422 0.0858627 0.390632
305 97.9731 -6.7764 0.29148 0.0792685 0.390128
306 106.021 -8.48685 0.292538 0.074013 0.389723
307 112.771 -5.8916 0.293596 0.0701066 0.389428
308 119.501 0.675395 0.294653 0.0675309 0.389248
309 126.278 -0.110459 0.295711 0.0662543 0.389185
310 132.815 -5.06073 0.296769 0.0662446 0.389242
311 140.7 -9.13289 0.297827 0.0674737 0.389419
312 145.797 -7.11218 0.298884 0.0699171 0.389715
313 153.519 -6.23361 0.299942 0.0735462 0.390128
314 160.914 -13.6421 0.300999 0.0783171 0.390653
315 169.84 -12.0418 0.302057 0.0841584 0.39128
316 179.331 -8.27883 0.303114 0.0909615 0.391997
317 191.598 -11.5627 0.304171 0.0985835 0.392784
318 200.795 -8.63407 0.305229 0.106836 0.393617
319 212.679 -6.80039 0.306286 0.115574 0.394491
320 223.992 -2.94448 0.307343 0.124577 0.39537
321 233.699 -6.58205 0.308401 0.133682 0.396241
322 243.421 -5.79018 0.309458 0.142767 0.397096
323 255.215 -1.53591 0.310515 0.151725 0.397925
324 263.952 0.117171 0.311572 0.16048 0.398723
325 272.648 -0.762312 0.312629 0.168977 0.39949
326 280.682 -0.418669 0.313686 0.177182 0.400224
327 289.492 -1.69902 0.314743 0.185068 0.400926
328 294.346 0.37353 0.3158 0.192622 0.401597
329 301.073 -2.37768 0.316857 0.199828 0.402238
330 304.306 -5.29623 0.317913 0.206755 0.402863
331 309.197 -2.68126 0.31897 0.21318 0.403434
332 313.894 -0.846782 0.320027 0.219318 0.403992
333 315.715 1.81406 0.321083 0.225094 0.404524
334 316.544 -0.991207 0.32214 0.230508 0.405032
335 315.979 4.68895 0.323197 0.235562 0.405516
336 314.17 7.77 0.324253 0.240258 0.405978
337 313.118 5.53596 0.32531 0.244592 0.406417
338 312.744 5.14952 0.326366 0.248587 0.406836
339 309.759 5.99348 0.327423 0.252226 0.407234
340 306.111 6.89781 0.328479 0.255517 0.407611
341 302.013 5.78119 0.329535 0.258478 0.407969
342 297.196 3.47289 0.330591 0.2611 0.408308
343 296.846 -3.28502 0.331648 0.263394 0.408628
344 293.078 -1.20355 0.332704 0.265366 0.408929
345 287.269 -2.96114 0.33376 0.267023 0.409213
346 280.753 -4.69108 0.334816 0.268371 0.409479
347 275.242 -3.93955 0.335872 0.269417 0.409728
348 270.446 -6.37232 0.336928 0.270169 0.40996
349 264.51 -7.15992 0.337984 0.270634 0.410175
350 258.611 -2.66515 0.33904 0.270819 0.410373
351 253.438 -0.719567 0.340096 0.270732 0.410555
352 248.065 -0.47854 0.341152 0.270382 0.410721
353 243.308 -3.92894 0.342208 0.269775 0.410871
354 237.571 -8.82299 0.343263 0.268919 0.411006
355 232.153 -9.94065 0.344319 0.267823 0.411124
356 226.396 -5.43088 0.345375 0.266494 0.411227
357 218.96 -4.39257 0.34643 0.264941 0.411315
358 212.432 -8.36651 0.347486 0.263171 0.411387
359 208.206 -11.3672 0.348542 0.261193 0.411444
360 203.349 -12.2716 0.349597 0.259013 0.411486
361 196.95 -9.30209 0.350653 0.25664 0.411512
362 190.055 -10.586 0.351708 0.254082 0.411524
363 184.315 -12.3684 0.352763 0.251345 0.41152
364 179.592 -13.3778 0.353819 0.248438 0.4115
365 173.552 -8.73318 0.354874 0.245367 0.411465
366 167.534 -4.34708 0.355929 0.24214 0.411415
367 162.62 -7.97724 0.356984 0.238764 0.411349
368 156.713 -7.39322 0.35804 0.235246 0.411268
369 150.511 -6.05741 0.359095 0.231592 0.411171
370 145.247 -7.90824 0.36015 0.227809 0.411057
371 139.874 -7.82271 0.361205 0.2239 0.410927
372 135.707 -8.25366 0.36226 0.219879 0.410781
373 131.668 -10.9054 0.363315 0.215741 0.410617
374 126.5 -14.2811 0.36437 0.211506 0.410437
375 121.199 -17.7995 0.365425 0.207166 0.410239
376 116.417 -17.4108 0.366479 0.202732 0.410023
377 112.294 -16.5836 0.367534 0.198208 0.409788
378 108.012 -16.9194 0.368589 0.1936 0.409534
379 103.597 -17.0385 0.369644 0.18891 0.409261
380 99.7236 -14.1023 0.370698 0.184145 0.408966
381 94.0137 -7.29465 0.371753 0.179308 0.408651
382 90.4591 -8.21386 0.372807 0.174404 0.408314
383 87.7126 -10.7012 0.373862 0.169437 0.407953
384 84.5737 -11.8204 0.374916 0.164413 0.407569
385 80.8178 -5.13122 0.375971 0.159337 0.407161
386 77.446 -5.7412 0.377025 0.154217 0.406727
387 73.4883 -5.37459 0.37808 0.149063 0.406267
388 70.8712 -10.0252 0.379134 0.14389 0.405782
389 68.3203 -15.0707 0.380188 0.138717 0.405274
390 65.473 -17.4256 0.381243 0.133571 0.404743
391 63.1721 -15.1035 0.382297 0.128486 0.404195
392 60.2746 -11.6971 0.383351 0.123506 0.403636
393 58.1333 -13.6771 0.384405 0.118707 0.40308
394 55.6895 -8.53205 0.385459 0.114102 0.402526
395 54.0619 -5.83211 0.386513 0.10976 0.401983
396 52.4978 -4.9586 0.387567 0.105791 0.401481
397 50.3063 -2.91444 0.388621 0.102241 0.401028
398 48.4883 -3.31095 0.389675 0.099169 0.400636
399 46.5371 -6.21267 0.390729 0.0966265 0.400318
400 45.3575 -6.60339 0.391782 0.0946548 0.400087
401 43.2447 -0.606596 0.392836 0.0932829 0.399951
402 41.5013 -3.00695 0.39389 0.0925286 0.399916
403 39.8748 -6.43399 0.394944 0.0923981 0.399986
404 38.6369 -5.94971 0.395997 0.0928861 0.400163
405 36.8411 -9.52826 0.397051 0.0939765 0.400446
406 34.2204 -10.9857 0.398104 0.0956424 0.40083
407 32.5429 -8.39743 0.399158 0.0978451 0.401309
408 30.5317 -4.76412 0.400211 0.100536 0.401874
409 28.5312 -5.9463 0.401265 0.103671 0.402519
410 26.676 -1.33289 0.402318 0.107135 0.403214
411 24.4196 -0.657034 0.403371 0.110903 0.403962
412 22.3287 -3.85367 0.404425 0.114883 0.404742
413 20.8059 -4.27158 0.405478 0.119001 0.405541
414 19.2669 -3.28762 0.406531 0.123188 0.406346
415 17.123 -2.37519 0.407584 0.127382 0.407146
416 15.3695 -9.07474 0.408637 0.131531 0.407932
417 13.5678 -6.87038 0.409691 0.135594 0.408699
418 12.0265 -12.4337 0.410744 0.139539 0.409441
419 11.0713 -14.6034 0.411797 0.143343 0.410157
420 9.43693 -8.0374 0.41285 0.14699 0.410844
421 8.08828 -5.352 0.413902 0.15047 0.411502
422 6.76808 -8.36971 0.414955 0.15378 0.412133
423 6.14375 -8.76166 0.416008 0.156914 0.412735
424 5.97308 -11.6498 0.417061 0.159875 0.41331
425 4.9018 -12.3207 0.418114 0.162664 0.413859
426 4.43436 -13.0709 0.419166 0.165284 0.414384
427 4.32203 -9.82022 0.420219 0.167738 0.414885
428 4.95835 -13.1629 0.421272 0.170029 0.415363
429 5.00779 -14.3409 0.422324 0.172163 0.41582
430 4.85931 -8.96506 0.423377 0.17414 0.416255
431 5.39536 -2.23409 0.424429 0.175968 0.416672
432 6.32991 -5.66295 0.425481 0.177649 0.41707
433 6.60979 -0.686826 0.426534 0.179188 0.41745
434 7.03234 -6.06875 0.427586 0.180588 0.417812
435 7.89251 -12.7882 0.428638 0.181853 0.418158
436 9.43722 -13.7534 0.429691 0.182986 0.418487
437 10.3132 -11.6233 0.430743 0.183991 0.4188
438 10.7547 -9.82873 0.431795 0.184872 0.419098
439 11.9544 -8.43648 0.432847 0.185631 0.419381
440 12.9009 -6.5569 0.433899 0.186274 0.419649
441 13.9308 -9.29153 0.434951 0.186803 0.419904
442 15.1154 -13.1486 0.436003 0.187221 0.420145
443 16.3876 -11.4908 0.437055 0.187532 0.420372
444 18.1601 -15.4723 0.438107 0.187738 0.420587
445 19.6117 -15.3913 0.439159 0.187844 0.420788
446 20.4916 -10.8619 0.440211 0.187852 0.420977
447 21.806 -7.75765 0.441263 0.187765 0.421154
448 23.2767 -10.3215 0.442314 0.187587 0.421319
449 25.5119 -17.2827 0.443366 0.18732 0.421471
450 27.3903 -14.9571 0.444418 0.186967 0.421612
451 29.176 -13.5202 0.445469 0.186531 0.421742
452 30.7049 -15.5812 0.446521 0.186015 0.42186
453 31.7992 -16.3066 0.447572 0.185422 0.421967
454 32.372 -14.6488 0.448624 0.184754 0.422063
455 32.8912 -11.621 0.449675 0.184014 0.422148
456 34.4151 -8.44806 0.450726 0.183205 0.422223
457 36.4028 -13.6419 0.451778 0.18233 0.422286
458 37.9911 -17.0275 0.452829 0.18139 0.422339
459 39.2929 -11.9682 0.45388 0.180388 0.422382
460 40.3024 -14.5006 0.454931 0.179328 0.422413
461 40.9327 -11.7571 0.455982 0.17821 0.422435
462 42.0843 -12.8416 0.457034 0.177039 0.422446
463 43.4609 -15.4175 0.458085 0.175814 0.422447
464 44.8561 -17.0529 0.459136 0.174541 0.422438
465 46.308 -16.7003 0.460187 0.173219 0.422418
466 47.4309 -20.7515 0.461237 0.171852 0.422388
467 48.2665 -17.5605 0.462288 0.170442 0.422348
468 49.3008 -18.2964 0.463339 0.168991 0.422298
469 50.2595 -15.1234 0.46439 0.167501 0.422237
470 51.1544 -20.0495 0.465441 0.165974 0.422166
471 51.5669 -22.2073 0.466491 0.164413 0.422085
472 52.2 -17.6009 0.467542 0.16282 0.421994
473 53.0814 -13.1314 0.468593 0.161197 0.421892
474 54.1575 -14.7319 0.469643 0.159546 0.421781
475 55.277 -15.6454 0.470694 0.157872 0.421659
476 56.2099 -16.9922 0.471744 0.156176 0.421528
477 57.0427 -18.7234 0.472794 0.154462 0.421387
478 57.9086 -16.3949 0.473845 0.152735 0.421236
479 59.3798 -18.8666 0.474895 0.150998 0.421077
480 60.0598 -14.9143 0.475945 0.149259 0.42091
481 60.6465 -12.7662 0.476996 0.147523 0.420737
482 61.9325 -18.3907 0.478046 0.145799 0.420558
483 62.679 -19.8304 0.479096 0.144097 0.420376
484 63.9545 -18.5615 0.480146 0.142427 0.420193
485 65.4763 -17.2329 0.481196 0.140804 0.420013
486 65.8247 -15.496 0.482246 0.139241 0.419838
487 66.8252 -15.237 0.483296 0.137754 0.419672
488 67.617 -12.1667 0.484346 0.136362 0.419521
489 69.1332 -13.2332 0.485396 0.135082 0.419388
490 70.8444 -10.3144 0.486446 0.133933 0.419281
491 72.5158 -9.29981 0.487495 0.132931 0.419202
492 73.7801 -10.3492 0.488545 0.132093 0.419158
493 75.0208 -12.2518 0.489595 0.131434 0.419153
494 76.7452 -15.3369 0.490644 0.130964 0.419191
495 78.8211 -13.7507 0.491694 0.130692 0.419275
496 81.0829 -10.003 0.492743 0.130623 0.419408
497 84.0963 -12.0815 0.493793 0.130755 0.419589
498 86.2456 -12.2549 0.494842 0.131087 0.41982
499 87.7726 -10.0576 0.495892 0.131608 0.420097
500 88.4958 -4.13666 0.496941 0.132308 0.42042
501 90.4214 -4.92463 0.49799 0.133172 0.420783
502 92.188 -3.96685 0.49904 0.134182 0.421184
503 92.9783 0.18928 0.500089 0.135318 0.421616
504 94.324 -1.86879 0.501138 0.136559 0.422075
505 95.6632 2.14817 0.502187 0.137884 0.422554
506 97.3424 -0.85122 0.503236 0.139271 0.423049
507 98.8451 -2.21855 0.504285 0.140702 0.423555
508 99.5313 1.19554 0.505334 0.142156 0.424066
509 99.3313 -0.226562 0.506383 0.143618 0.424579
510 99.5218 -0.422226 0.507432 0.145073 0.42509
511 99.6665 -1.12466 0.508481 0.146508 0.425595
512 98.9111 2.17929 0.509529 0.147913 0.426094
513 98.7858 0.419915 0.510578 0.14928 0.426583
514 98.6259 1.16035 0.511627 0.150603 0.427062
515 97.92 2.71132 0.512675 0.151876 0.427529
516 97.6827 4.4258 0.513724 0.153097 0.427984
517 96.9032 7.16096 0.514772 0.154263 0.428427
518 96.2211 0.977481 0.515821 0.155372 0.428857
519 94.5004 1.08682 0.516869 0.156424 0.429274
520 92.6729 0.951819 0.517918 0.15742 0.429679
521 91.4253 3.773 0.518966 0.158359 0.430072
522 90.8392 2.16016 0.520014 0.159242 0.430453
523 89.9663 1.57438 0.521063 0.16007 0.430823
524 87.6252 2.09415 0.522111 0.160844 0.431181
525 85.3981 1.36722 0.523159 0.161565 0.431528
526 84.0706 5.75803 0.524207 0.162235 0.431864
527 82.1577 1.16002 0.525255 0.162855 0.432191
528 80.6881 -4.0965 0.526303 0.163425 0.432507
529 78.9836 -4.73523 0.527351 0.163948 0.432814
530 76.8012 -2.61109 0.528399 0.164425 0.433111
531 74.5573 -5.17005 0.529447 0.164856 0.433399
532 72.3374 -5.30356 0.530494 0.165244 0.433678
533 70.3356 -1.85472 0.531542 0.16559 0.433949
534 68.4715 0.338398 0.53259 0.165894 0.434211
535 67.4648 2.44667 0.533638 0.166159 0.434466
536 65.1363 2.55598 0.534685 0.166385 0.434712
537 63.206 5.35294 0.535733 0.166574 0.434951
538 60.8901 5.00229 0.53678 0.166727 0.435182
539 58.3563 3.52496 0.537828 0.166845 0.435407
540 56.1432 0.736032 0.538875 0.166929 0.435624
541 54.5053 -3.69716 0.539922 0.166981 0.435834
542 52.6841 -1.79503 0.54097 0.167002 0.436038
543 51.7691 -4.04576 0.542017 0.166993 0.436236
544 49.7894 -2.25824 0.543064 0.166954 0.436427
545 47.6763 -0.276077 0.544111 0.166888 0.436612
546 46.0845 -2.29219 0.545158 0.166795 0.436791
547 44.8553 -1.0656 0.546205 0.166677 0.436964
548 42.9487 -3.43223 0.547252 0.166534 0.437132
549 41.0136 -7.36946 0.548299 0.166368 0.437294
550 39.3568 -8.97856 0.549346 0.166179 0.437451
551 37.7593 -3.83451 0.550393 0.165972 0.437605
552 36.551 -7.23836 0.55144 0.165742 0.437752
553 35.1331 -7.89733 0.552486 0.165493 0.437894
554 32.8786 3.6537 0.553533 0.165226 0.438031
555 30.9168 2.05038 0.55458 0.164942 0.438165
556 30.1701 -1.40604 0.555626 0.164642 0.438293
557 29.3216 -2.22156 0.556673 0.164327 0.438418
558 28.3099 -3.66141 0.557719 0.163999 0.438539
559 26.3524 0.392633 0.558766 0.163658 0.438656
560 24.9245 3.94328 0.559812 0.163306 0.43877
561 24.0291 -1.24209 0.560859 0.162943 0.43888
562 23.3299 0.445552 0.561905 0.162571 0.438987
563 21.9438 3.81791 0.562951 0.162192 0.439091
564 21.3173 6.38383 0.563997 0.161805 0.439193
565 20.2657 3.76507 0.565043 0.161413 0.439292
566 18.7502 -0.211866 0.566089 0.161016 0.439389
567 17.3419 -1.41801 0.567135 0.160616 0.439484
568 16.7625 -6.21926 0.568181 0.160215 0.439577
569 15.8815 -7.73124 0.569227 0.159814 0.43967
570 15.0236 -7.84148 0.570273 0.159414 0.439761
571 14.0268 -5.04413 0.571319 0.159018 0.439852
572 13.5645 -6.91341 0.572365 0.158626 0.439943
573 12.913 -9.30634 0.57341 0.158241 0.440035
574 12.2384 -8.32841 0.574456 0.157865 0.440128
575 11.4959 -5.2077 0.575502 0.1575 0.440223
576 10.9606 -0.950913 0.576547 0.157149 0.44032
577 10.7401 -4.55996 0.577593 0.156812 0.440421
578 10.0483 -3.76363 0.578638 0.156494 0.440525
579 9.6325 -5.95072 0.579684 0.156197 0.440635
580 8.99236 -5.11251 0.580729 0.155922 0.44075
581 7.90943 -5.94476 0.581774 0.155674 0.440872
582 6.72534 -1.50672 0.582819 0.155454 0.441002
583 6.10695 -0.9382 0.583865 0.155265 0.44114
584 6.07805 -2.75326 0.58491 0.155108 0.441287
585 6.0299 -1.00862 0.585955 0.154987 0.441445
586 5.86988 -3.86813 0.587 0.154902 0.441612
587 5.49216 -7.1617 0.588045 0.154856 0.441792
588 5.19625 -7.62953 0.58909 0.154848 0.441984
589 5.0334 -6.85466 0.590135 0.15488 0.442188
590 5.47723 -6.37939 0.591179 0.154951 0.442404
591 4.95398 1.10632 0.592224 0.155061 0.442632
592 3.52788 3.51969 0.593269 0.155208 0.442873
593 3.60987 -1.39282 0.594314 0.155391 0.443125
594 3.4098 0.346263 0.595358 0.155608 0.443389
595 2.74143 2.41832 0.596403 0.155856 0.443662
596 2.36804 2.14082 0.597447 0.156133 0.443946
597 2.25245 0.255793 0.598492 0.156435 0.444238
598 1.97296 -0.701982 0.599536 0.15676 0.444537
599 1.69891 1.82414 0.60058 0.157103 0.444843
600 1.7093 3.15219 0.601625 0.157462 0.445155
