150 3021.77 -46.9918 0.126064 31.0733 1.21405
151 2936.28 -48.5318 0.127137 30.3333 1.2135
152 2827.05 -48.3518 0.12821 29.7392 1.21425
153 2820.07 -45.7084 0.129282 29.1447 1.21505
154 2838.87 -46.2152 0.130355 28.5509 1.21588
155 2863.22 -45.8394 0.131426 27.9574 1.21672
156 2833.76 -46.0942 0.132498 27.3645 1.21756
157 2870.46 -44.1645 0.13357 26.7724 1.2184
158 2892.58 -42.2068 0.134641 26.1814 1.21921
159 2873.87 -43.4335 0.135712 25.5915 1.21998
160 2837.78 -41.7864 0.136783 25.0035 1.22073
161 2880.05 -41.5779 0.137853 24.4176 1.22142
162 2829.89 -43.0795 0.138924 23.8832 1.22251
163 2735.73 -42.4714 0.139994 23.3001 1.22309
164 2730.17 -42.9967 0.141064 22.7201 1.22362
165 2755.6 -44.742 0.142133 22.1444 1.22408
166 2677.13 -47.113 0.143203 21.5729 1.22449
167 2573.1 -47.8478 0.144272 21.0062 1.22482
168 2610.77 -44.0966 0.145342 20.8669 1.2291
169 2596.23 -43.9536 0.146411 20.2965 1.22927
170 2532.52 -45.7879 0.147479 19.7336 1.22938
171 2461.24 -48.1389 0.148548 19.1785 1.22944
172 2453.44 -50.3989 0.149617 18.6313 1.22943
173 2497.96 -47.7786 0.150685 18.0926 1.22935
174 2513.84 -46.8113 0.151753 17.5629 1.22922
175 2501.72 -47.8882 0.152821 17.0415 1.22903
176 2482.38 -49.3063 0.153889 16.5293 1.22877
177 2441.92 -48.9881 0.154957 16.0265 1.22845
178 2427.59 -47.308 0.156024 15.5333 1.22808
179 2401.17 -51.5617 0.157092 15.0499 1.22765
180 2385.32 -54.8087 0.158159 14.5765 1.22717
181 2387.47 -52.9496 0.159226 14.1131 1.22663
182 2395.04 -51.8983 0.160293 13.66 1.22605
183 2361.55 -53.8496 0.16136 13.2176 1.22542
184 2329.68 -53.1874 0.162426 12.7855 1.22475
185 2326.86 -54.3911 0.163493 12.3641 1.22404
186 2302.29 -57.1641 0.164559 11.9531 1.2233
187 2231.92 -59.1334 0.165626 11.5529 1.22252
188 2160.74 -60.0152 0.166692 11.1637 1.22173
189 2153.42 -59.4006 0.167758 10.7853 1.22092
190 2122.85 -59.5217 0.168824 10.4178 1.22011
191 2082.87 -60.0596 0.16989 10.1015 1.22041
192 2074.76 -62.2899 0.170955 9.7519 1.21956
193 2058.3 -61.8945 0.172021 9.37802 1.21766
194 2013.55 -61.2092 0.173086 9.05536 1.21692
195 1971.2 -62.6851 0.174152 8.74122 1.21621
196 1943.23 -67.0983 0.175217 8.43802 1.2156
197 1920.14 -67.6816 0.176282 8.14339 1.21503
198 1929.1 -64.5432 0.177347 7.85613 1.21458
199 1927.11 -64.55 0.178412 7.57908 1.21426
200 1919.58 -66.5987 0.179477 7.30991 1.21412
201 1887.31 -68.5571 0.180541 7.04738 1.21422
202 1877.53 -72.8178 0.181606 6.78979 1.21466
203 1891.4 -70.9689 0.182671 6.53443 1.21553
204 1934.73 -68.4758 0.183735 6.26268 1.21652
205 2011.14 -64.4859 0.184799 5.99785 1.219
206 2077.59 -52.8471 0.185863 5.72704 1.2235
207 2125.54 -33.8821 0.186927 5.56616 1.23572
208 2007.43 -20.0135 0.187991 5.0634 1.23874
209 1851.96 -4.92542 0.189055 4.67507 1.25004
210 1665.54 9.40578 0.190119 4.28735 1.26332
211 1450.74 10.9413 0.191183 3.93872 1.27598
212 1344.22 15.4912 0.192247 3.70244 1.28788
213 1246.93 15.9327 0.19331 3.51226 1.29011
214 1204.86 16.9327 0.194373 3.46818 1.28907
215 1209.56 14.7174 0.195437 3.5603 1.28519
216 1207.04 3.49219 0.1965 3.66609 1.27217
217 1237.91 -2.52509 0.197563 3.84452 1.25961
218 1273.9 -8.08779 0.198626 4.02608 1.2476
219 1301.41 -14.1334 0.199689 4.17729 1.23737
220 1347.2 -14.2904 0.200752 4.38177 1.23465
221 1306.23 -22.0873 0.201815 4.34907 1.2248
222 1282.02 -28.1406 0.202878 4.38241 1.22187
223 1261.14 -29.9745 0.203941 4.39715 1.22051
224 1231.51 -30.1754 0.205003 4.39725 1.22004
225 1205.98 -30.6222 0.206066 4.38936 1.22018
226 1176 -28.9186 0.207128 4.37714 1.22081
227 1130.98 -27.301 0.208191 4.36223 1.22176
228 1092.4 -24.7877 0.209253 4.3456 1.22294
229 1053.02 -21.7103 0.210315 4.32777 1.2243
230 1016.62 -24.4631 0.211377 4.32415 1.22683
231 990.13 -25.8848 0.21244 4.30579 1.22847
232 939.837 -29.8345 0.213502 4.26945 1.22907
233 914.445 -31.2845 0.214564 4.24868 1.2308
234 892.975 -29.31 0.215625 4.22749 1.23259
235 857.232 -27.5245 0.216687 4.20528 1.23439
236 810.937 -26.5996 0.217749 4.18117 1.23616
237 764.439 -28.99 0.218811 4.15724 1.23799
238 726.257 -29.1084 0.219872 4.13393 1.2399
239 683.026 -30.1441 0.220934 4.10812 1.24171
240 649.251 -30.4428 0.221995 4.08139 1.2435
241 607.607 -31.6639 0.223057 4.05353 1.24527
242 577.158 -27.8299 0.224118 4.02451 1.24702
243 547.361 -26.6077 0.225179 3.99439 1.24873
244 512.623 -30.3582 0.226241 3.963 1.2504
245 494.155 -31.4435 0.227302 3.93039 1.25202
246 465.465 -34.7845 0.228363 3.89655 1.25359
247 425.559 -35.6789 0.229424 3.86147 1.2551
248 400.926 -32.2096 0.230485 3.83731 1.25845
249 384.681 -30.21 0.231546 3.80014 1.25988
250 367.079 -29.8889 0.232606 3.7617 1.26125
251 331.428 -32.3183 0.233667 3.70909 1.26055
252 289.712 -35.3828 0.234728 3.66806 1.26174
253 262.557 -38.2061 0.235789 3.62594 1.26286
254 251.171 -37.2973 0.236849 3.58275 1.26391
255 237.688 -37.1579 0.23791 3.53855 1.26488
256 220.954 -37.6692 0.23897 3.49355 1.26581
257 197.089 -40.5308 0.240031 3.44747 1.26663
258 177.1 -40.6105 0.241091 3.40054 1.26737
259 164.83 -36.7695 0.242151 3.35281 1.26803
260 150.421 -38.7799 0.243211 3.30434 1.26861
261 141.528 -39.6167 0.244272 3.2552 1.26911
262 132.928 -38.2635 0.245332 3.20546 1.26954
263 116.437 -38.9844 0.246392 3.15517 1.26988
264 98.9223 -41.5176 0.247452 3.10441 1.27015
265 91.8112 -38.6072 0.248512 3.05325 1.27034
266 86.008 -36.9979 0.249572 3.00175 1.27045
267 71.0885 -40.2632 0.250632 2.94998 1.27048
268 58.0728 -43.2171 0.251691 2.89802 1.27044
269 50.5424 -45.0223 0.252751 2.84592 1.27033
270 50.5494 -43.4166 0.253811 2.79376 1.27014
271 49.9166 -41.821 0.25487 2.74162 1.26989
272 42.737 -41.5112 0.25593 2.68955 1.26956
273 35.6349 -39.7814 0.25699 2.63762 1.26917
274 34.3659 -37.2873 0.258049 2.58589 1.26872
275 28.0431 -39.4152 0.259108 2.53444 1.26821
276 20.4087 -43.5868 0.260168 2.491 1.2695
277 18.822 -42.2666 0.261227 2.43985 1.26883
278 14.5863 -40.313 0.262286 2.38892 1.26809
279 15.6184 -40.0858 0.263346 2.3324 1.26559
280 13.5003 -42.0947 0.264405 2.28298 1.2648
281 10.9436 -41.9795 0.265464 2.23496 1.26406
282 13.7356 -40.5395 0.266523 2.18718 1.26324
283 13.3213 -44.5888 0.267582 2.14016 1.26239
284 10.367 -46.648 0.268641 2.09395 1.26153
285 8.32048 -46.5962 0.2697 2.04861 1.26066
286 9.79728 -45.7134 0.270759 2.00418 1.25979
287 14.8728 -44.665 0.271817 1.96071 1.25893
288 17.7257 -43.9727 0.272876 1.91824 1.25809
289 16.6543 -42.7184 0.273935 1.87682 1.25727
290 14.173 -44.7335 0.274994 1.83645 1.25653
291 13.9874 -48.4233 0.276052 1.79712 1.25581
292 13.6233 -50.8138 0.277111 1.7589 1.25518
293 18.2409 -50.1699 0.278169 1.72175 1.25464
294 20.9969 -51.1224 0.279228 1.68573 1.25426
295 25.9591 -54.1351 0.280286 1.65059 1.25402
296 27.9713 -55.7057 0.281345 1.6204 1.25479
297 32.1911 -57.121 0.282403 1.58301 1.25412
298 36.2821 -57.5164 0.283461 1.55065 1.25451
299 39.9241 -55.1057 0.284519 1.51946 1.25512
300 47.2624 -52.933 0.285578 1.48973 1.25589
301 53.4415 -52.3032 0.286636 1.46221 1.25683
302 59.7032 -51.5929 0.287694 1.43735 1.25782
303 64.9149 -51.6641 0.288752 1.4157 1.25876
304 69.5756 -52.3355 0.28981 1.39771 1.2596
305 73.4543 -55.0807 0.290868 1.38357 1.26029
306 78.2835 -55.1988 0.291926 1.37318 1.26085
307 83.1557 -54.3833 0.292984 1.36618 1.26132
308 89.8124 -54.7574 0.294041 1.3619 1.26174
309 93.433 -56.7882 0.295099 1.35971 1.26222
310 101.294 -56.5421 0.296157 1.35906 1.26284
311 110.754 -53.3459 0.297215 1.36184 1.2643
312 122.007 -51.6311 0.298272 1.36286 1.26542
313 129.677 -51.5575 0.29933 1.36076 1.26599
314 137.686 -52.9832 0.300387 1.36168 1.26751
315 143.068 -56.6954 0.301445 1.36256 1.26922
316 151.297 -55.2764 0.302502 1.3635 1.27114
317 162.341 -51.3898 0.30356 1.36447 1.27321
318 168.909 -50.4995 0.304617 1.36542 1.27538
319 173.923 -51.7006 0.305674 1.36637 1.27767
320 182.918 -52.9011 0.306732 1.36737 1.28007
321 185.533 -55.9873 0.307789 1.36827 1.2825
322 194.577 -54.9376 0.308846 1.36911 1.28498
323 201.074 -53.2772 0.309903 1.36984 1.2875
324 209.362 -50.7966 0.31096 1.37376 1.29163
325 214.282 -50.0597 0.312017 1.37083 1.29257
326 217.973 -51.2964 0.313074 1.37102 1.29512
327 226.785 -49.8283 0.314131 1.3709 1.29763
328 232.778 -48.2915 0.315188 1.37055 1.30015
329 233.54 -50.0153 0.316245 1.36988 1.30264
330 234.368 -52.0555 0.317302 1.36888 1.30511
331 240.605 -49.234 0.318359 1.36752 1.30754
332 244.083 -47.0974 0.319415 1.36579 1.30993
333 245.381 -46.6351 0.320472 1.36352 1.31224
334 245.497 -48.1874 0.321529 1.36113 1.31456
335 248.856 -48.0933 0.322585 1.35811 1.31679
336 254.548 -46.1166 0.323642 1.35481 1.31898
337 257.791 -45.3009 0.324698 1.351 1.3211
338 255.909 -44.3181 0.325755 1.34677 1.32316
339 254.018 -46.4245 0.326811 1.34211 1.32515
340 255.624 -45.5736 0.327868 1.33701 1.32707
341 255.567 -45.8218 0.328924 1.33148 1.32892
342 253.17 -47.6058 0.32998 1.32553 1.3307
343 250.831 -46.8664 0.331037 1.31916 1.33241
344 247.172 -45.6546 0.332093 1.31237 1.33404
345 245.082 -45.6788 0.333149 1.30519 1.33559
346 245.996 -45.8792 0.334205 1.2976 1.33707
347 247.88 -44.5688 0.335261 1.28964 1.33847
348 246.908 -46.489 0.336317 1.2813 1.33979
349 242.141 -48.3128 0.337373 1.2726 1.34103
350 234.598 -50.8362 0.338429 1.26356 1.34219
351 229.266 -52.4291 0.339485 1.25418 1.34328
352 226.909 -54.5431 0.340541 1.24449 1.34428
353 227.957 -52.9146 0.341597 1.23449 1.34521
354 225.003 -52.3713 0.342653 1.22421 1.34606
355 221.963 -51.6126 0.343708 1.21366 1.34683
356 217.864 -52.4252 0.344764 1.20286 1.34753
357 212.687 -53.6653 0.34582 1.19182 1.34814
358 209.177 -53.0745 0.346875 1.18056 1.34869
359 202.649 -58.6995 0.347931 1.1691 1.34916
360 197.433 -60.0778 0.348986 1.15746 1.34956
361 193.994 -55.6917 0.350042 1.14565 1.34989
362 190.735 -53.1975 0.351097 1.1337 1.35015
363 185.888 -49.2872 0.352153 1.12162 1.35034
364 178.475 -50.1344 0.353208 1.10944 1.35048
365 173 -54.033 0.354263 1.09716 1.35054
366 171.409 -53.3949 0.355319 1.08482 1.35055
367 169.671 -52.4924 0.356374 1.07238 1.35049
368 166.012 -53.1514 0.357429 1.06001 1.35041
369 162.186 -51.7848 0.358484 1.04758 1.35026
370 158.712 -50.2864 0.359539 1.03516 1.35007
371 153.617 -54.5371 0.360594 1.02278 1.34983
372 151.483 -54.5343 0.361649 1.01044 1.34956
373 147.682 -57.5634 0.362704 0.998184 1.34926
374 142.822 -56.9794 0.363759 0.98602 1.34893
375 137.484 -56.0345 0.364814 0.973974 1.34858
376 133.53 -56.0569 0.365869 0.962069 1.34821
377 129.817 -57.6284 0.366924 0.950326 1.34784
378 127.285 -56.3182 0.367979 0.938767 1.34746
379 124.265 -53.9767 0.369033 0.927417 1.34709
380 119.384 -55.6206 0.370088 0.9163 1.34674
381 116.196 -57.5987 0.371143 0.905437 1.34642
382 112.435 -56.5439 0.372197 0.894853 1.34612
383 107.699 -56.4859 0.373252 0.884574 1.34588
384 105.039 -57.4607 0.374306 0.874622 1.34569
385 104.308 -57.8055 0.375361 0.865027 1.34556
386 102.415 -54.0609 0.376415 0.85581 1.34552
387 99.2725 -50.76 0.37747 0.846999 1.34556
388 97.1247 -50.481 0.378524 0.838624 1.34571
389 91.6558 -51.0048 0.379578 0.830715 1.34596
390 86.6097 -52.5431 0.380632 0.823303 1.34634
391 83.7317 -53.9646 0.381687 0.817695 1.34796
392 83.8588 -49.938 0.382741 0.811294 1.34856
393 82.0715 -49.3384 0.383795 0.805485 1.3493
394 75.6997 -51.2761 0.384849 0.80029 1.3502
395 70.0406 -54.5648 0.385903 0.79572 1.35126
396 66.8485 -54.4904 0.386957 0.791778 1.35247
397 68.3931 -47.8018 0.388011 0.788456 1.35385
398 65.5691 -49.2719 0.389065 0.785735 1.35538
399 62.2256 -50.1451 0.390119 0.783586 1.35708
400 58.8191 -52.6859 0.391173 0.78084 1.35792
401 58.8932 -48.4664 0.392226 0.779672 1.3599
402 57.1946 -47.788 0.39328 0.778939 1.36203
403 54.694 -47.4649 0.394334 0.778589 1.36429
404 50.7485 -49.9758 0.395388 0.778575 1.36668
405 47.2762 -53.9291 0.396441 0.77885 1.36919
406 43.8411 -55.0799 0.397495 0.779368 1.37181
407 39.8233 -57.715 0.398548 0.780088 1.37452
408 37.5284 -57.4073 0.399602 0.780971 1.37733
409 37.358 -53.8881 0.400655 0.781982 1.3802
410 34.0214 -57.8169 0.401709 0.783089 1.38315
411 29.7955 -58.9946 0.402762 0.784303 1.38619
412 28.7663 -58.6502 0.403815 0.785519 1.38923
413 27.545 -58.159 0.404869 0.786749 1.39229
414 21.422 -61.7405 0.405922 0.787973 1.39538
415 20.5833 -58.6868 0.406975 0.789167 1.39847
416 21.4788 -56.2606 0.408028 0.790316 1.40157
417 20.3308 -55.8913 0.409081 0.791403 1.40467
418 18.1743 -55.9245 0.410134 0.792363 1.40769
419 15.7003 -58.9588 0.411187 0.793278 1.41075
420 15.5282 -58.2413 0.41224 0.794091 1.41379
421 13.7067 -59.6173 0.413293 0.794797 1.41681
422 11.4012 -57.8138 0.414346 0.795374 1.41979
423 8.61465 -59.9013 0.415399 0.79582 1.42273
424 5.83103 -63.9953 0.416452 0.796128 1.42563
425 5.69243 -65.1994 0.417504 0.796279 1.42848
426 5.63758 -67.1054 0.418557 0.796295 1.43128
427 3.87172 -67.7505 0.41961 0.79616 1.43404
428 3.35566 -63.9517 0.420662 0.795871 1.43674
429 4.14281 -61.993 0.421715 0.795606 1.43949
430 3.89565 -63.8454 0.422768 0.795013 1.44208
431 3.65303 -64.7397 0.42382 0.794061 1.4445
432 4.16298 -63.7315 0.424872 0.793154 1.44698
433 5.70337 -61.1938 0.425925 0.792081 1.44939
434 6.47317 -63.4016 0.426977 0.790857 1.45173
435 6.11646 -63.3893 0.42803 0.789481 1.45402
436 6.53804 -63.9444 0.429082 0.787954 1.45624
437 7.44627 -63.2419 0.430134 0.786279 1.4584
438 8.34293 -63.0507 0.431186 0.78446 1.4605
439 8.10969 -65.2667 0.432238 0.7825 1.46253
440 6.47714 -69.2952 0.43329 0.780403 1.4645
441 7.15825 -69.4 0.434343 0.778173 1.4664
442 8.59178 -66.2621 0.435395 0.775813 1.46825
443 8.31828 -71.182 0.436446 0.77333 1.47003
444 9.64495 -70.131 0.437498 0.770727 1.47175
445 10.3185 -69.4505 0.43855 0.76801 1.47341
446 10.8483 -68.857 0.439602 0.765183 1.47501
447 11.9613 -69.7231 0.440654 0.762253 1.47655
448 14.6395 -69.1084 0.441706 0.759224 1.47803
449 17.3114 -68.7555 0.442757 0.756104 1.47946
450 17.602 -67.6218 0.443809 0.752896 1.48083
451 17.2164 -66.2931 0.444861 0.749609 1.48215
452 19.2387 -67.3176 0.445912 0.746247 1.48342
453 20.7936 -71.9138 0.446964 0.742817 1.48464
454 22.1784 -73.0409 0.448015 0.739326 1.48581
455 24.3831 -71.913 0.449067 0.735783 1.48694
456 25.9136 -69.6365 0.450118 0.73219 1.48803
457 27.3859 -70.5852 0.451169 0.728555 1.48907
458 30.3919 -65.5495 0.452221 0.724887 1.49008
459 31.7312 -65.6515 0.453272 0.721191 1.49105
460 33.4207 -66.8904 0.454323 0.717476 1.49199
461 35.0159 -65.1843 0.455374 0.71375 1.49291
462 35.7027 -66.5063 0.456425 0.710018 1.4938
463 35.6216 -67.1497 0.457476 0.70629 1.49467
464 35.302 -68.835 0.458527 0.702574 1.49552
465 35.5635 -72.8671 0.459578 0.698877 1.49636
466 36.0026 -77.2259 0.460629 0.695207 1.49719
467 37.3147 -79.0147 0.46168 0.691574 1.49802
468 41.2877 -74.2815 0.462731 0.687986 1.49885
469 44.1576 -70.8855 0.463782 0.684452 1.49969
470 44.9275 -71.3795 0.464833 0.681094 1.50063
471 47.477 -66.6767 0.465883 0.677687 1.50149
472 48.7822 -64.117 0.466934 0.67436 1.50239
473 48.0636 -66.3021 0.467985 0.671034 1.50324
474 47.9769 -69.1752 0.469035 0.667905 1.50421
475 50.0773 -69.7797 0.470086 0.664893 1.50523
476 51.3774 -72.3695 0.471136 0.661991 1.5063
477 51.7752 -75.9464 0.472187 0.659217 1.50743
478 54.0604 -73.7301 0.473237 0.656579 1.50863
479 55.9516 -71.8794 0.474287 0.654085 1.5099
480 59.051 -68.8726 0.475338 0.651745 1.51125
481 62.4458 -63.442 0.476388 0.649564 1.51269
482 63.5964 -63.505 0.477438 0.64755 1.51422
483 64.0818 -67.6192 0.478488 0.645708 1.51586
484 65.1265 -68.1958 0.479538 0.644041 1.5176
485 66.8989 -65.3412 0.480588 0.642554 1.51945
486 68.0012 -65.0105 0.481638 0.641248 1.5214
487 69.4497 -65.744 0.482688 0.640121 1.52348
488 72.0861 -63.2381 0.483738 0.639174 1.52567
489 73.9474 -61.4885 0.484788 0.638402 1.52797
490 74.217 -65.3467 0.485838 0.6378 1.53039
491 74.4602 -65.1893 0.486888 0.637363 1.53292
492 75.014 -62.4096 0.487938 0.637082 1.53556
493 76.0375 -59.6361 0.488987 0.636948 1.5383
494 78.2098 -55.3238 0.490037 0.636951 1.54114
495 79.7145 -55.0261 0.491087 0.637081 1.54408
496 80.2799 -56.6696 0.492136 0.637325 1.54711
497 81.0695 -55.9574 0.493186 0.637732 1.55027
498 82.1558 -53.8069 0.494235 0.638178 1.55345
499 83.7931 -53.0129 0.495284 0.638623 1.55663
500 86.1617 -49.2406 0.496334 0.639208 1.55994
501 86.2235 -49.7008 0.497383 0.639851 1.5633
502 85.9291 -50.33 0.498432 0.640539 1.5667
503 87.2151 -47.799 0.499482 0.641261 1.57014
504 87.7988 -47.5439 0.500531 0.64201 1.57361
505 88.5232 -47.4629 0.50158 0.642774 1.5771
506 89.3949 -47.4825 0.502629 0.643547 1.58061
507 89.078 -45.9057 0.503678 0.644319 1.58414
508 88.7936 -45.2198 0.504727 0.645084 1.58766
509 89.1205 -41.0723 0.505776 0.645836 1.5912
510 89.1903 -37.3634 0.506825 0.646568 1.59472
511 88.8516 -37.5281 0.507874 0.647275 1.59824
512 88.1265 -40.031 0.508922 0.647954 1.60175
513 87.7593 -41.1567 0.509971 0.648598 1.60524
514 86.3477 -42.1635 0.51102 0.649206 1.60872
515 84.5496 -48.2795 0.512069 0.649774 1.61217
516 84.1714 -48.7179 0.513117 0.650298 1.6156
517 84.0973 -44.896 0.514166 0.650778 1.61901
518 84.1585 -41.3889 0.515214 0.65121 1.62239
519 83.5486 -40.1316 0.516263 0.651594 1.62574
520 83.0601 -40.6399 0.517311 0.651929 1.62906
521 81.3731 -42.7349 0.518359 0.652213 1.63234
522 80.2637 -39.5828 0.519408 0.652446 1.6356
523 79.4432 -38.3432 0.520456 0.65263 1.63879
524 78.9441 -37.9321 0.521504 0.65276 1.64197
525 77.375 -37.4809 0.522552 0.652838 1.64512
526 74.7589 -39.9715 0.5236 0.652866 1.64824
527 73.806 -40.5995 0.524649 0.652844 1.65131
528 73.2164 -39.7194 0.525697 0.652773 1.65436
529 71.6569 -40.2956 0.526745 0.652653 1.65737
530 68.9882 -45.3904 0.527792 0.652485 1.66034
531 68.3947 -45.5523 0.52884 0.652271 1.66328
532 68.0177 -42.3497 0.529888 0.652012 1.66618
533 65.9723 -41.8545 0.530936 0.65171 1.66905
534 64.3294 -42.2047 0.531984 0.651365 1.67188
535 63.5244 -42.7768 0.533031 0.65098 1.67469
536 62.0959 -45.0212 0.534079 0.650556 1.67746
537 60.9399 -44.3962 0.535126 0.650095 1.6802
538 59.7996 -43.9573 0.536174 0.6496 1.68291
539 59.7045 -39.9281 0.537221 0.649071 1.6856
540 58.0419 -38.6603 0.538269 0.648512 1.68825
541 55.2348 -40.7172 0.539316 0.647924 1.69088
542 53.1272 -41.8656 0.540364 0.64731 1.69349
543 51.1676 -45.9452 0.541411 0.646671 1.69607
544 49.7856 -47.8782 0.542458 0.646009 1.69863
545 47.5388 -48.9794 0.543505 0.645329 1.70117
546 46.2538 -47.8045 0.544552 0.644631 1.70369
547 45.7512 -44.3633 0.545599 0.643918 1.7062
548 44.2378 -43.827 0.546646 0.643194 1.70869
549 42.3017 -46.7233 0.547693 0.642459 1.71117
550 41.0046 -47.3937 0.54874 0.641718 1.71364
551 40.4534 -44.2097 0.549787 0.640973 1.7161
552 39.6875 -41.8646 0.550834 0.640239 1.71861
553 38.4591 -44.2167 0.551881 0.639492 1.72106
554 38.038 -45.7508 0.552927 0.638749 1.72351
555 36.8066 -45.4253 0.553974 0.638012 1.72596
556 33.3778 -48.7606 0.555021 0.637284 1.72842
557 29.9291 -53.0942 0.556067 0.636568 1.73088
558 28.1161 -53.6577 0.557114 0.635867 1.73335
559 27.1586 -55.6527 0.55816 0.635183 1.73584
560 27.9213 -52.1378 0.559207 0.634519 1.73834
561 27.5292 -50.1242 0.560253 0.633878 1.74086
562 25.2518 -52.0699 0.561299 0.633263 1.7434
563 23.893 -50.5766 0.562346 0.632677 1.74597
564 23.601 -47.3912 0.563392 0.632121 1.74856
565 22.5376 -48.1088 0.564438 0.6316 1.75118
566 22.056 -47.5552 0.565484 0.631114 1.75384
567 21.5339 -47.1179 0.56653 0.630668 1.75653
568 19.8853 -49.1611 0.567576 0.630263 1.75927
569 19.8465 -46.4498 0.568622 0.629901 1.76204
570 19.6898 -45.5496 0.569668 0.629586 1.76487
571 17.1597 -50.5877 0.570714 0.629317 1.76774
572 15.0591 -53.1482 0.57176 0.629097 1.77066
573 14.6148 -51.3963 0.572805 0.628928 1.77363
574 15.6427 -48.5872 0.573851 0.62881 1.77666
575 14.9985 -49.5782 0.574897 0.628745 1.77975
576 14.1663 -46.528 0.575942 0.628733 1.78289
577 14.1048 -42.621 0.576988 0.628773 1.7861
578 13.0604 -44.7507 0.578033 0.628867 1.78936
579 10.9339 -47.5124 0.579079 0.629014 1.79268
580 10.5941 -45.6426 0.580124 0.629213 1.79607
581 10.2743 -44.6611 0.581169 0.629463 1.79951
582 10.2769 -43.9096 0.582215 0.629762 1.80301
583 10.4667 -43.6047 0.58326 0.63011 1.80657
584 8.99304 -47.9222 0.584305 0.630504 1.81019
585 9.19442 -46.0601 0.58535 0.630942 1.81386
586 9.04556 -43.5408 0.586395 0.631422 1.81759
587 6.75963 -49.5967 0.58744 0.631941 1.82136
588 6.04888 -48.2556 0.588485 0.632496 1.82518
589 4.66966 -51.1942 0.58953 0.633085 1.82905
590 4.79618 -53.5098 0.590575 0.633706 1.83296
591 5.5495 -51.9584 0.59162 0.634354 1.83691
592 5.17135 -49.924 0.592664 0.635027 1.8409
593 4.17897 -51.0105 0.593709 0.635723 1.84492
594 5.22445 -47.7629 0.594754 0.636438 1.84897
595 4.20102 -49.8932 0.595798 0.63717 1.85304
596 2.67833 -55.4488 0.596843 0.637916 1.85714
597 2.71627 -55.3139 0.597887 0.638674 1.86127
598 4.09387 -50.6635 0.598932 0.639441 1.86541
599 2.4757 -53.9694 0.599976 0.640214 1.86957
600 1.55899 -56.5578 0.60102 0.640993 1.87374
601 2.82113 -54.133 0.602065 0.641774 1.87792
602 4.74947 -46.3705 0.603109 0.642556 1.88211
603 4.78552 -43.4901 0.604153 0.643337 1.88631
604 2.43558 -51.7763 0.605197 0.644116 1.89051
605 1.42541 -54.422 0.606241 0.644891 1.89472
606 0.171212 -56.7654 0.607285 0.645661 1.89893
607 -1.19219 -59.1737 0.608329 0.646425 1.90314
608 -0.971761 -56.3563 0.609373 0.647183 1.90735
609 0.494469 -53.9195 0.610417 0.647932 1.91156
610 1.60376 -49.2723 0.61146 0.648673 1.91576
611 0.283856 -51.588 0.612504 0.649404 1.91996
612 0.43441 -51.8566 0.613548 0.650126 1.92415
613 -0.493547 -56.7923 0.614591 0.650838 1.92834
614 -1.36142 -59.6396 0.615635 0.651539 1.93253
615 0.408281 -55.2382 0.616678 0.65223 1.93671
616 1.77433 -52.4791 0.617722 0.65291 1.94088
617 1.58701 -55.1086 0.618765 0.65358 1.94504
618 0.647829 -58.192 0.619808 0.654238 1.9492
619 0.943737 -55.3078 0.620852 0.654886 1.95335
620 2.19208 -51.9615 0.621895 0.655524 1.95749
621 2.53463 -50.784 0.622938 0.656162 1.96162
622 1.19139 -56.8349 0.623981 0.656779 1.96575
623 0.153896 -60.7506 0.625024 0.657386 1.96987
624 -0.605766 -60.9895 0.626067 0.657984 1.97399
625 -0.471974 -59.619 0.62711 0.658574 1.9781
626 0.436154 -57.1937 0.628153 0.659155 1.9822
627 -0.462072 -59.7159 0.629196 0.659727 1.9863
628 0.306133 -57.4103 0.630238 0.660293 1.99039
629 -0.314097 -57.7513 0.631281 0.660852 1.99448
630 0.91775 -54.4544 0.632324 0.661405 1.99857
631 1.82331 -55.5033 0.633366 0.661953 2.00265
632 -0.0362516 -63.0886 0.634409 0.662495 2.00674
633 0.37237 -62.6196 0.635451 0.663034 2.01082
634 1.06596 -60.4224 0.636494 0.663569 2.0149
635 1.33481 -60.0325 0.637536 0.664101 2.01898
636 2.27966 -57.5288 0.638578 0.664631 2.02307
637 2.1849 -58.453 0.639621 0.66516 2.02715
638 1.64194 -60.4595 0.640663 0.665689 2.03124
639 0.770988 -63.5804 0.641705 0.666218 2.03533
640 0.799818 -62.8267 0.642747 0.666747 2.03943
641 1.76471 -58.2488 0.643789 0.667279 2.04354
642 1.86748 -56.3668 0.644831 0.667813 2.04765
643 2.88161 -53.2956 0.645873 0.668351 2.05177
644 3.12558 -51.4974 0.646915 0.668892 2.0559
645 3.05615 -52.1058 0.647957 0.669439 2.06004
646 2.18017 -55.8988 0.648998 0.669991 2.0642
647 3.26169 -54.1668 0.65004 0.670551 2.06841
648 2.76832 -56.907 0.651082 0.671118 2.07259
649 1.22904 -60.2378 0.652123 0.671692 2.07678
650 0.453374 -61.0078 0.653165 0.672275 2.08099
651 0.839333 -61.0774 0.654206 0.672867 2.08522
652 0.969811 -60.6092 0.655248 0.67347 2.08947
653 2.03234 -56.4704 0.656289 0.674083 2.09374
654 3.2451 -54.3855 0.65733 0.67471 2.09802
655 2.30781 -57.5181 0.658371 0.675347 2.10234
656 2.79456 -55.165 0.659413 0.675996 2.10667
657 4.39479 -51.9957 0.660454 0.676659 2.11103
658 4.05117 -53.8597 0.661495 0.677336 2.1154
659 4.62517 -50.8037 0.662536 0.678027 2.11981
660 4.52964 -52.3596 0.663577 0.678732 2.12424
661 2.8189 -58.8573 0.664617 0.679453 2.12869
662 1.83808 -60.032 0.665658 0.680189 2.13317
663 1.18213 -60.238 0.666699 0.680942 2.13768
664 0.407074 -61.5933 0.66774 0.68171 2.14222
665 0.818506 -60.1927 0.66878 0.682494 2.14679
666 1.52987 -59.2362 0.669821 0.683295 2.15139
667 2.07676 -58.2371 0.670861 0.684113 2.15602
668 2.08087 -59.3389 0.671902 0.684947 2.16068
669 2.60909 -55.6318 0.672942 0.685797 2.16537
670 2.33942 -53.0458 0.673983 0.686664 2.17009
671 2.69743 -51.352 0.675023 0.687548 2.17484
672 3.26344 -49.9743 0.676063 0.688447 2.17962
673 1.47893 -57.3121 0.677103 0.689363 2.18443
674 -0.451477 -63.5649 0.678143 0.690294 2.18927
675 0.067415 -61.3673 0.679183 0.69124 2.19414
676 3.05501 -52.8458 0.680223 0.692201 2.19903
677 3.49113 -51.362 0.681263 0.693177 2.20396
678 2.81237 -52.03 0.682303 0.694166 2.20892
679 3.2965 -50.3232 0.683343 0.695169 2.2139
680 2.55824 -52.089 0.684383 0.696185 2.21891
681 2.67121 -51.4609 0.685422 0.697214 2.22394
682 3.13336 -50.393 0.686462 0.698254 2.229
683 1.17897 -56.0756 0.687501 0.699306 2.23409
684 0.834422 -57.3887 0.688541 0.700368 2.23919
685 2.34793 -53.2261 0.68958 0.70144 2.24432
686 2.25939 -55.4047 0.69062 0.702523 2.24948
687 2.1066 -56.9155 0.691659 0.703614 2.25465
688 1.75128 -56.2487 0.692698 0.704713 2.25984
689 1.15917 -55.2816 0.693737 0.705821 2.26505
690 0.768141 -57.5633 0.694777 0.70398 2.2629
691 0.240894 -61.2181 0.695816 0.705057 2.26803
692 0.44941 -61.4631 0.696855 0.706138 2.27318
693 0.835029 -60.0759 0.697894 0.707226 2.27834
694 1.33602 -58.7328 0.698932 0.708319 2.28351
695 1.45723 -58.5401 0.699971 0.709417 2.2887
696 1.65809 -56.0466 0.70101 0.710519 2.2939
697 1.48891 -55.7603 0.702049 0.711625 2.29911
698 2.44232 -52.7401 0.703087 0.712735 2.30434
699 1.08987 -57.9762 0.704126 0.713847 2.30957
700 0.14618 -60.2297 0.705164 0.718386 2.32346
701 -0.138691 -61.5905 0.706203 0.719554 2.32885
702 -0.608373 -64.9191 0.707241 0.720724 2.33425
703 -0.681285 -63.5815 0.70828 0.721898 2.33966
704 -1.6763 -64.7011 0.709318 0.723074 2.34508
705 -1.33125 -66.3563 0.710356 0.724253 2.35052
706 -1.64032 -67.2707 0.711394 0.725434 2.35596
707 0.21882 -59.6052 0.712432 0.726618 2.36142
708 2.03836 -54.3691 0.71347 0.727803 2.36688
709 2.29242 -54.8623 0.714508 0.728991 2.37235
710 1.1018 -58.3575 0.715546 0.730182 2.37784
711 -0.0603578 -60.1232 0.716584 0.731374 2.38333
712 -0.304613 -60.5402 0.717622 0.732569 2.38884
713 0.731743 -57.687 0.718659 0.733766 2.39435
714 1.14986 -56.9107 0.719697 0.734966 2.39988
715 0.203256 -59.3201 0.720735 0.736167 2.40541
716 0.0593931 -60.4956 0.721772 0.737372 2.41096
717 0.23096 -59.5852 0.72281 0.738578 2.41651
718 -0.223536 -60.6862 0.723847 0.739788 2.42208
719 -1.425 -63.8932 0.724884 0.741 2.42765
720 -0.745862 -63.0664 0.725922 0.742215 2.43324
721 0.517976 -61.591 0.726959 0.743434 2.43884
722 0.735895 -62.1911 0.727996 0.744655 2.44445
723 -1.29212 -70.256 0.729033 0.74588 2.45007
724 -1.79266 -71.9364 0.73007 0.747108 2.4557
725 -0.846017 -68.6892 0.731107 0.74834 2.46135
726 0.897775 -61.3955 0.732144 0.749575 2.46701
727 1.71494 -57.0661 0.733181 0.750815 2.47268
728 1.47645 -57.5834 0.734217 0.752058 2.47836
729 1.63533 -57.2344 0.735254 0.753307 2.48406
730 0.26273 -61.443 0.736291 0.754559 2.48977
731 0.531623 -58.9225 0.737327 0.755816 2.49549
732 1.10237 -59.369 0.738364 0.757078 2.50123
733 0.299687 -64.3968 0.7394 0.758345 2.50698
734 0.561427 -63.3884 0.740437 0.759617 2.51275
735 1.57986 -60.5559 0.741473 0.760895 2.51853
736 1.97342 -59.8642 0.742509 0.762178 2.52433
737 1.50816 -61.4136 0.743545 0.763467 2.53014
738 0.16939 -66.2951 0.744581 0.764762 2.53597
739 -1.51271 -70.5959 0.745618 0.766063 2.54181
740 -1.72308 -68.3827 0.746653 0.76737 2.54768
741 0.964557 -60.1997 0.747689 0.768683 2.55356
742 2.35374 -56.282 0.748725 0.770003 2.55945
743 1.30989 -59.5144 0.749761 0.77133 2.56537
744 -0.025426 -63.4697 0.750797 0.772664 2.5713
745 -1.19236 -69.0512 0.751832 0.774004 2.57725
746 -0.976827 -68.9536 0.752868 0.775351 2.58322
747 -2.06539 -72.1155 0.753904 0.776706 2.58921
748 -3.0772 -75.0305 0.754939 0.778068 2.59521
749 -2.5139 -74.3462 0.755974 0.779437 2.60124
750 -1.38136 -70.5267 0.75701 0.780814 2.60728
751 -1.53528 -72.0188 0.758045 0.782198 2.61335
752 -1.1291 -70.7373 0.75908 0.78359 2.61943
753 -2.38828 -76.0402 0.760115 0.78499 2.62554
754 -0.263637 -70.085 0.76115 0.786397 2.63166
755 2.53157 -60.0321 0.762185 0.787812 2.6378
756 2.28623 -59.3903 0.76322 0.789235 2.64397
757 2.3766 -58.4578 0.764255 0.790666 2.65015
758 0.970784 -63.3697 0.76529 0.792105 2.65636
759 0.262218 -65.8134 0.766325 0.793552 2.66258
760 -0.779402 -67.98 0.767359 0.795007 2.66883
761 0.760198 -63.382 0.768394 0.796469 2.6751
762 0.453529 -65.0823 0.769429 0.79794 2.68139
763 -0.848445 -70.9992 0.770463 0.799418 2.68769
764 1.25816 -63.4039 0.771497 0.800904 2.69402
765 3.81841 -55.8375 0.772532 0.802398 2.70037
766 2.99168 -58.3694 0.773566 0.8039 2.70674
767 1.24813 -61.3232 0.7746 0.805409 2.71313
768 0.578892 -62.9466 0.775634 0.806926 2.71954
769 -0.347619 -66.4798 0.776668 0.808451 2.72597
770 -0.239844 -67.7633 0.777702 0.809983 2.73242
771 1.43783 -62.9053 0.778736 0.811523 2.73889
772 1.66821 -61.3552 0.77977 0.813069 2.74538
773 0.41214 -67.5684 0.780804 0.814623 2.75189
774 0.558268 -68.0391 0.781838 0.816184 2.75842
775 1.92899 -63.2261 0.782872 0.817753 2.76497
776 3.27378 -59.4763 0.783905 0.819328 2.77153
777 5.83387 -49.1171 0.784939 0.82091 2.77812
778 4.75441 -50.2833 0.785972 0.822499 2.78472
779 2.38993 -58.5357 0.787006 0.824094 2.79135
780 1.37565 -63.3642 0.788039 0.825696 2.79799
781 0.36148 -68.8582 0.789072 0.827305 2.80465
782 2.00989 -64.7536 0.790105 0.82892 2.81133
783 2.12465 -63.2106 0.791138 0.830541 2.81802
784 1.82287 -62.6645 0.792171 0.832169 2.82474
785 2.80134 -58.7053 0.793204 0.833804 2.83147
786 1.14705 -65.3401 0.794237 0.835444 2.83822
787 -0.0442355 -72.8312 0.79527 0.83709 2.84499
788 2.07585 -67.1231 0.796303 0.838742 2.85177
789 4.06556 -61.1912 0.797336 0.840399 2.85857
790 3.33138 -63.2098 0.798368 0.842063 2.86539
791 0.841315 -72.1417 0.799401 0.843732 2.87223
792 1.1004 -71.261 0.800433 0.845407 2.87908
793 2.88902 -62.7513 0.801466 0.847088 2.88595
794 1.95289 -64.3015 0.802498 0.848774 2.89283
795 0.330238 -68.5075 0.803531 0.850467 2.89974
796 1.66939 -66.0569 0.804563 0.849003 2.89304
797 1.43046 -69.5107 0.805595 0.850664 2.8998
798 -0.135679 -74.965 0.806627 0.85233 2.90658
799 0.212774 -72.903 0.807659 0.854001 2.91338
800 0.881289 -69.4277 0.808691 0.855677 2.92018
801 0.839601 -71.168 0.809723 0.857359 2.92701
802 1.96864 -68.2092 0.810755 0.859045 2.93385
803 1.87487 -67.1968 0.811787 0.860737 2.9407
804 1.89876 -66.2113 0.812818 0.862434 2.94757
805 2.66638 -64.0046 0.81385 0.867691 2.96965
806 2.51185 -62.2578 0.814881 0.869444 2.97673
807 2.53539 -62.1459 0.815913 0.871202 2.98383
808 2.29217 -63.4265 0.816944 0.872965 2.99095
809 1.96054 -66.4387 0.817976 0.874734 2.99808
810 1.98542 -67.2057 0.819007 0.876509 3.00522
811 1.57675 -69.1551 0.820038 0.878289 3.01238
812 1.46085 -70.4526 0.821069 0.880075 3.01956
813 1.4383 -70.7878 0.8221 0.881866 3.02676
814 4.28776 -60.3143 0.823131 0.883663 3.03397
815 3.4519 -60.8215 0.824162 0.885466 3.0412
816 2.74573 -61.8727 0.825193 0.887274 3.04845
817 2.09586 -65.6261 0.826224 0.889088 3.05571
818 1.23278 -68.7661 0.827254 0.890908 3.06299
819 1.52685 -66.789 0.828285 0.892733 3.07028
820 1.58427 -68.9971 0.829316 0.894564 3.0776
821 1.44038 -71.7278 0.830346 0.896401 3.08493
822 -0.0600167 -74.0505 0.831376 0.898244 3.09227
823 -0.796368 -74.0801 0.832407 0.900093 3.09964
824 -1.09791 -76.7005 0.833437 0.901948 3.10702
825 -1.39044 -78.319 0.834467 0.903809 3.11442
826 -0.122429 -73.8584 0.835497 0.905675 3.12183
827 0.55079 -69.0761 0.836527 0.907548 3.12927
828 -0.717745 -72.2198 0.837557 0.909427 3.13672
829 -0.897667 -75.2122 0.838587 0.911312 3.14418
830 -0.951683 -77.9594 0.839617 0.913203 3.15167
831 -0.306895 -76.6944 0.840647 0.915102 3.15918
832 0.457867 -74.0702 0.841677 0.917005 3.1667
833 2.01578 -68.5231 0.842706 0.918915 3.17424
834 2.64075 -66.8433 0.843736 0.92083 3.18179
835 1.74948 -67.9114 0.844765 0.922752 3.18937
836 -0.261583 -72.188 0.845795 0.92468 3.19696
837 -0.750708 -73.3382 0.846824 0.926615 3.20457
838 -0.711174 -74.3617 0.847853 0.928556 3.2122
839 -0.793651 -74.942 0.848883 0.930502 3.21984
840 0.193251 -73.0999 0.849912 0.932456 3.22751
841 -2.7028 -82.8137 0.850941 0.934415 3.23519
842 -6.21747 -94.4314 0.85197 0.936382 3.24289
843 -4.4248 -89.2419 0.852999 0.938354 3.25061
844 -1.27128 -79.2003 0.854027 0.940333 3.25834
845 -1.3664 -78.8301 0.855056 0.942318 3.2661
846 -1.27073 -76.3959 0.856085 0.94431 3.27387
847 -0.283881 -73.6246 0.857113 0.946309 3.28166
848 1.06156 -68.0677 0.858142 0.948313 3.28947
849 0.322055 -68.7486 0.85917 0.950324 3.2973
850 -2.64914 -79.4099 0.860199 0.952342 3.30515
