240 494.858 -52.5759 0.221919 2.84984 1.0107
241 504.644 13.4307 0.22298 2.87736 1.01571
242 503.359 11.9562 0.224042 2.88824 1.01923
243 490.433 10.4232 0.225103 2.90885 1.02386
244 465.501 7.32273 0.226164 2.92645 1.02838
245 445.95 4.04151 0.227225 2.94085 1.03275
246 428.554 1.76596 0.228287 2.95208 1.03697
247 400.012 0.146769 0.229348 2.9601 1.04101
248 364.222 -8.15071 0.230409 2.96492 1.04489
249 335.271 -14.4545 0.231469 2.96645 1.04856
250 317.428 -15.035 0.23253 2.9649 1.05207
251 303.727 -4.88066 0.233591 2.9607 1.05547
252 287.957 1.96453 0.234652 2.95295 1.0586
253 270.082 0.712783 0.235712 2.94218 1.06152
254 257.335 3.67095 0.236773 2.92846 1.06425
255 242.027 2.40192 0.237834 2.91186 1.06676
256 219.429 -3.49478 0.238894 2.89214 1.06902
257 201.098 -1.68999 0.239954 2.87005 1.07111
258 188.322 -5.1671 0.241015 2.84536 1.073
259 176.909 -8.64433 0.242075 2.81816 1.07466
260 164.544 -6.29119 0.243135 2.78855 1.07611
261 150.012 -4.65689 0.244196 2.75665 1.07734
262 135.251 -9.65813 0.245256 2.72255 1.07835
263 119.476 -9.27001 0.246316 2.68637 1.07914
264 113.238 -9.29159 0.247376 2.64824 1.0797
265 105.192 -12.7522 0.248436 2.60855 1.0801
266 90.4972 -15.1013 0.249496 2.56685 1.08022
267 77.9473 -18.1156 0.250555 2.52357 1.08012
268 69.2192 -16.4593 0.251615 2.4788 1.0798
269 62.5793 -14.5241 0.252675 2.43268 1.07926
270 58.4106 -12.3407 0.253735 2.38508 1.07845
271 51.9702 -16.4872 0.254794 2.33656 1.07746
272 45.6424 -15.6999 0.255854 2.29542 1.07756
273 39.9338 -14.7059 0.256913 2.24493 1.07616
274 33.8208 -14.7511 0.257973 2.1858 1.07328
275 29.1767 -8.60974 0.259032 2.1341 1.07147
276 23.7092 -12.7981 0.260092 2.08187 1.06945
277 19.8345 -14.995 0.261151 2.02925 1.06723
278 18.1746 -12.6217 0.26221 1.97633 1.06482
279 14.4548 -15.8568 0.26327 1.92323 1.06221
280 10.3711 -19.6801 0.264329 1.87006 1.05942
281 8.58951 -24.4408 0.265388 1.81692 1.05645
282 0.961323 -27.9245 0.266447 1.76392 1.05331
283 -2.1945 -29.2068 0.267506 1.7112 1.05
284 -4.47232 -35.6241 0.268565 1.65879 1.04653
285 -5.52273 -42.8073 0.269624 1.6068 1.0429
286 -8.06193 -37.3234 0.270683 1.55541 1.03914
287 -10.24 -44.2183 0.271741 1.50471 1.03526
288 -11.2288 -41.5721 0.2728 1.45481 1.0313
289 -9.08373 -46.8878 0.273859 1.4057 1.02719
290 -5.40658 -46.4712 0.274918 1.35759 1.023
291 -3.43745 -42.3799 0.275976 1.3106 1.01876
292 -4.16203 -48.8138 0.277035 1.2648 1.01446
293 -2.35284 -47.8987 0.278093 1.22039 1.01018
294 2.73326 -56.3011 0.279152 1.17748 1.00593
295 9.5139 -63.1353 0.28021 1.13619 1.00175
296 18.5324 -58.9945 0.281269 1.09669 0.997691
297 26.4566 -56.5918 0.282327 1.05913 0.993811
298 34.9089 -61.0071 0.283385 1.02371 0.990171
299 42.3153 -62.9523 0.284443 0.990632 0.986839
300 50.9555 -56.204 0.285502 0.960137 0.983883
301 60.7623 -49.728 0.28656 0.932499 0.981365
302 69.9828 -55.2844 0.287618 0.908043 0.979351
303 76.8234 -53.7832 0.288676 0.88713 0.977932
304 83.7984 -55.3544 0.289734 0.86998 0.977078
305 87.647 -54.9174 0.290792 0.856852 0.97685
306 90.9861 -50.5116 0.29185 0.84789 0.977265
307 94.1117 -51.7983 0.292908 0.843116 0.97834
308 92.1037 -47.4198 0.293965 0.842428 0.980086
309 91.3358 -50.8455 0.295023 0.845598 0.982509
310 92.6446 -58.7249 0.296081 0.852307 0.985589
311 95.7525 -56.792 0.297139 0.86214 0.989347
312 97.8674 -50.5694 0.298196 0.87473 0.993745
313 98.7743 -48.5195 0.299254 0.889623 0.998736
314 99.3796 -49.9628 0.300311 0.906398 1.00425
315 103.298 -50.8821 0.301369 0.925378 1.0107
316 106.344 -56.4599 0.302426 0.944185 1.01663
317 113.847 -54.1941 0.303484 0.964584 1.02335
318 120.898 -53.8937 0.304541 0.98564 1.03034
319 124.089 -47.8422 0.305598 1.00715 1.03755
320 126.347 -54.6937 0.306656 1.02888 1.0449
321 130.567 -47.1252 0.307713 1.05067 1.05234
322 135.227 -55.4636 0.30877 1.07232 1.05981
323 141.46 -49.5574 0.309827 1.09376 1.06733
324 149.16 -37.1439 0.310884 1.11485 1.07484
325 152.835 -36.607 0.311941 1.13545 1.08232
326 155.542 -38.8116 0.312998 1.15546 1.08972
327 159.252 -40.7151 0.314055 1.17483 1.09705
328 162.272 -41.6973 0.315112 1.19348 1.10428
329 164.261 -46.5849 0.316169 1.21133 1.11139
330 169.553 -42.3222 0.317226 1.22833 1.11837
331 175.667 -42.5973 0.318283 1.24444 1.12521
332 179.751 -42.0244 0.319339 1.25961 1.13189
333 184.808 -35.9794 0.320396 1.27381 1.13841
334 187.22 -31.9212 0.321453 1.28702 1.14476
335 190.648 -34.2429 0.322509 1.29921 1.15093
336 190.972 -39.1831 0.323566 1.31036 1.15691
337 191.891 -33.316 0.324622 1.32046 1.16269
338 195.51 -30.2468 0.325679 1.32953 1.16827
339 196.904 -37.1213 0.326735 1.33752 1.17366
340 198.584 -38.5178 0.327792 1.34444 1.17883
341 203.889 -35.98 0.328848 1.35031 1.1838
342 204.983 -39.2907 0.329904 1.35513 1.18854
343 202.639 -42.1148 0.330961 1.35889 1.19307
344 198.423 -43.707 0.332017 1.36161 1.19737
345 197.811 -37.9078 0.333073 1.36332 1.20146
346 198.718 -37.7133 0.334129 1.36401 1.20532
347 199.445 -35.9523 0.335185 1.36371 1.20895
348 200.76 -32.5671 0.336241 1.36243 1.21234
349 200.633 -26.3566 0.337297 1.3602 1.21551
350 199.945 -28.015 0.338353 1.35703 1.21844
351 200.956 -27.0724 0.339409 1.35296 1.22114
352 197.733 -28.2711 0.340465 1.34799 1.22361
353 192.886 -25.146 0.341521 1.34217 1.22585
354 191.293 -32.1821 0.342577 1.33551 1.22785
355 190.794 -24.5448 0.343632 1.32804 1.22961
356 187.355 -20.5749 0.344688 1.3198 1.23117
357 184.744 -23.0935 0.345744 1.31081 1.23247
358 182.523 -26.5812 0.346799 1.3011 1.23354
359 180.262 -25.0206 0.347855 1.29069 1.23437
360 179.059 -26.4805 0.348911 1.27963 1.23498
361 177.093 -29.4242 0.349966 1.26794 1.23536
362 172.783 -30.514 0.351021 1.25565 1.23551
363 170.975 -28.2452 0.352077 1.2428 1.23544
364 168.235 -25.4794 0.353132 1.22942 1.23515
365 167.397 -27.422 0.354188 1.21554 1.23463
366 164.078 -35.4491 0.355243 1.20119 1.2339
367 159.435 -36.0263 0.356298 1.1864 1.23296
368 158.073 -32.7308 0.357353 1.17122 1.2318
369 156.258 -24.865 0.358408 1.15567 1.23044
370 152.595 -23.6784 0.359464 1.13979 1.22887
371 147.756 -34.9938 0.360519 1.12362 1.2271
372 144.07 -33.3839 0.361574 1.10718 1.22514
373 142.834 -27.2031 0.362629 1.09051 1.22299
374 140.622 -32.979 0.363684 1.07365 1.22066
375 136.702 -37.1314 0.364738 1.05663 1.21816
376 136.423 -27.0662 0.365793 1.03951 1.21549
377 136.686 -27.4529 0.366848 1.0223 1.21266
378 129.594 -29.3576 0.367903 1.00507 1.20969
379 124.596 -31.8464 0.368958 0.987853 1.20658
380 125.925 -26.1372 0.370012 0.970694 1.20336
381 123.29 -22.6685 0.371067 0.953649 1.20004
382 119.726 -21.9983 0.372121 0.936772 1.19664
383 116.651 -26.9282 0.373176 0.920125 1.19319
384 118.731 -22.9914 0.374231 0.903774 1.18971
385 118.891 -23.8923 0.375285 0.887922 1.1863
386 116.248 -26.7969 0.376339 0.872277 1.18281
387 113.356 -30.6591 0.377394 0.857287 1.17947
388 115.197 -27.2756 0.378448 0.842933 1.17626
389 115.377 -26.7356 0.379502 0.829303 1.17323
390 111.93 -22.9528 0.380557 0.816543 1.17047
391 110.569 -21.7781 0.381611 0.804755 1.16804
392 109.649 -21.5608 0.382665 0.794051 1.16599
393 109.671 -15.7471 0.383719 0.784545 1.1644
394 108.19 -14.4895 0.384773 0.776346 1.16334
395 105.882 -8.40482 0.385827 0.769548 1.16285
396 102.804 -10.6363 0.386881 0.764234 1.16301
397 98.3122 -9.76067 0.387935 0.760465 1.16386
398 95.8591 -5.57652 0.388989 0.758305 1.16546
399 91.5797 -10.5937 0.390043 0.757712 1.16778
400 86.9481 -4.83005 0.391097 0.758695 1.17086
401 82.2192 -2.65227 0.392151 0.761213 1.17469
402 80.5277 -0.862583 0.393205 0.765194 1.17925
403 79.1136 2.77736 0.394258 0.770548 1.18452
404 75.6402 -1.76395 0.395312 0.777163 1.19045
405 69.6057 -6.76498 0.396366 0.784911 1.19698
406 65.2666 -5.0182 0.397419 0.793659 1.20406
407 60.5961 -4.30136 0.398473 0.803263 1.21163
408 58.8119 -0.593101 0.399526 0.813582 1.2196
409 57.8957 -2.05227 0.40058 0.824479 1.22792
410 54.7733 -3.60567 0.401633 0.835821 1.23651
411 49.3137 -3.83577 0.402686 0.847558 1.24538
412 45.894 -0.414282 0.40374 0.859341 1.2543
413 44.0911 -6.48762 0.404793 0.871313 1.26337
414 41.6164 -13.2851 0.405846 0.8833 1.27251
415 39.168 -16.0804 0.406899 0.895223 1.28167
416 36.4174 -12.0878 0.407952 0.907013 1.2908
417 34.4354 -8.84763 0.409006 0.918611 1.29989
418 33.6047 -8.69664 0.410059 0.929966 1.30891
419 29.5874 -9.21383 0.411112 0.941034 1.31782
420 25.6062 -13.4654 0.412165 0.951781 1.32662
421 22.0056 -13.1714 0.413218 0.962175 1.33529
422 21.8048 -7.30503 0.41427 0.972193 1.34381
423 23.8627 -6.30551 0.415323 0.98181 1.35217
424 22.4355 -15.5583 0.416376 0.991013 1.36037
425 21.2771 -10.9222 0.417429 0.999788 1.36839
426 16.4009 -12.0236 0.418482 1.00812 1.37623
427 12.8733 -2.63705 0.419534 1.01601 1.38388
428 11.8096 -4.61004 0.420587 1.02344 1.39134
429 11.1652 -3.29424 0.421639 1.03042 1.3986
430 9.61807 -7.65986 0.422692 1.03695 1.40566
431 8.94671 -15.3424 0.423744 1.043 1.41252
432 8.88832 -14.5365 0.424797 1.04859 1.41917
433 6.10594 -15.4697 0.425849 1.05373 1.42562
434 5.6848 -22.7179 0.426902 1.05841 1.43186
435 4.95795 -16.2112 0.427954 1.06263 1.4379
436 6.03991 -16.9084 0.429006 1.06641 1.44372
437 6.83679 -28.4691 0.430058 1.06975 1.44934
438 5.04937 -32.1405 0.431111 1.07265 1.45474
439 4.17832 -41.8052 0.432163 1.07512 1.45994
440 3.43585 -35.8527 0.433215 1.07717 1.46494
441 2.84057 -32.3152 0.434267 1.0788 1.46972
442 0.938299 -29.4703 0.435319 1.08003 1.4743
443 0.598261 -29.6401 0.436371 1.08086 1.47868
444 0.965286 -35.8042 0.437423 1.0813 1.48285
445 3.15525 -33.5465 0.438475 1.08137 1.48682
446 2.64625 -32.7722 0.439527 1.08107 1.49059
447 3.8646 -28.6776 0.440578 1.08041 1.49419
448 3.40569 -30.6574 0.44163 1.07941 1.49757
449 2.99925 -32.648 0.442682 1.07807 1.50075
450 3.7311 -28.378 0.443733 1.0764 1.50374
451 3.61538 -31.8198 0.444785 1.07443 1.50654
452 5.0287 -33.1906 0.445837 1.07215 1.50915
453 7.33809 -35.8715 0.446888 1.06958 1.51158
454 10.4622 -37.322 0.44794 1.06674 1.51384
455 14.0106 -36.4719 0.448991 1.06364 1.51591
456 18.1574 -36.4248 0.450042 1.06028 1.51782
457 18.9353 -36.3581 0.451094 1.05669 1.51955
458 19.7574 -34.2165 0.452145 1.05287 1.52112
459 19.7321 -36.989 0.453196 1.04884 1.52254
460 19.4455 -42.8643 0.454248 1.04462 1.52379
461 21.4948 -35.5497 0.455299 1.03727 1.52186
462 21.6359 -38.5855 0.45635 1.03268 1.5228
463 21.965 -40.125 0.457401 1.02794 1.5236
464 22.7525 -36.9314 0.458452 1.02307 1.52427
465 23.1338 -41.07 0.459503 1.01808 1.52482
466 25.5886 -43.9966 0.460554 1.01299 1.52526
467 29.573 -35.2318 0.461605 1.00782 1.52559
468 30.3051 -34.7723 0.462656 1.00258 1.52583
469 28.9674 -42.904 0.463706 0.997309 1.52599
470 32.9839 -45.0747 0.464757 0.992011 1.52608
471 35.1091 -42.2009 0.465808 0.986714 1.52612
472 35.0675 -40.4639 0.466859 0.984569 1.52946
473 36.2875 -39.2187 0.467909 0.979358 1.52946
474 39.1957 -31.4411 0.46896 0.974225 1.52945
475 43.0592 -37.2072 0.47001 0.9692 1.52946
476 45.415 -39.3033 0.471061 0.964313 1.52951
477 48.0603 -38.6483 0.472111 0.959598 1.52963
478 47.8772 -49.2949 0.473162 0.955093 1.52984
479 48.3859 -52.1596 0.474212 0.950834 1.53019
480 50.687 -48.3023 0.475262 0.946861 1.53069
481 52.3158 -50.1215 0.476313 0.943215 1.53139
482 55.029 -47.7974 0.477363 0.939938 1.53232
483 56.3487 -42.2116 0.478413 0.93707 1.53352
484 58.7409 -42.2853 0.479463 0.934653 1.53503
485 63.0726 -31.7508 0.480513 0.932725 1.53688
486 68.0451 -28.068 0.481563 0.931322 1.53911
487 68.6465 -30.9597 0.482613 0.930475 1.54175
488 70.3693 -38.2238 0.483663 0.93021 1.54484
489 73.5923 -37.1053 0.484713 0.930548 1.54838
490 78.0814 -35.2259 0.485763 0.9315 1.55241
491 81.0003 -35.9004 0.486812 0.933073 1.55693
492 82.1739 -30.767 0.487862 0.935262 1.56195
493 84.3755 -33.3586 0.488912 0.938057 1.56747
494 85.0497 -32.8056 0.489962 0.941438 1.57347
495 83.8094 -32.8059 0.491011 0.94538 1.57994
496 85.7629 -20.5735 0.492061 0.949848 1.58686
497 86.9027 -24.1023 0.49311 0.954804 1.59419
498 90.685 -26.1928 0.49416 0.960204 1.60192
499 93.5429 -20.2596 0.495209 0.966003 1.60999
500 93.8208 -19.3934 0.496258 0.972151 1.61839
501 95.4745 -18.1826 0.497308 0.978599 1.62705
502 99.1226 -4.57049 0.498357 0.985297 1.63595
503 104.455 -0.605073 0.499406 0.992198 1.64505
504 105.381 0.596148 0.500455 0.999256 1.65431
505 102.552 -5.25936 0.501505 1.00643 1.66369
506 100.985 -17.5266 0.502554 1.01367 1.67316
507 102.729 -13.4382 0.503603 1.02095 1.68269
508 103.513 -12.0653 0.504652 1.02823 1.69226
509 102.568 -8.49033 0.505701 1.03549 1.70183
510 103.335 -5.48302 0.50675 1.04269 1.71139
511 106.8 7.69347 0.507798 1.04982 1.72091
512 108.078 11.9304 0.508847 1.05684 1.73038
513 109.179 16.5078 0.509896 1.06376 1.73978
514 109.156 15.705 0.510945 1.07054 1.74911
515 108.974 13.2328 0.511993 1.07719 1.75835
516 108.881 8.1717 0.513042 1.08367 1.76749
517 107.306 6.49959 0.51409 1.09 1.77652
518 104.686 4.43109 0.515139 1.09616 1.78543
519 104.293 6.03854 0.516187 1.10215 1.79423
520 105.651 16.4016 0.517236 1.10796 1.80291
521 106.737 21.4108 0.518284 1.11359 1.81146
522 106.152 19.4971 0.519332 1.11903 1.81988
523 102.377 16.8654 0.520381 1.12429 1.82817
524 101.359 22.8031 0.521429 1.12936 1.83633
525 104.425 22.4011 0.522477 1.13425 1.84435
526 103.017 21.6371 0.523525 1.13895 1.85224
527 101.452 22.5583 0.524573 1.14347 1.85999
528 99.8393 27.4839 0.525621 1.14781 1.86762
529 96.7783 18.961 0.526669 1.15196 1.8751
530 95.3098 16.4133 0.527717 1.15596 1.88248
531 95.1589 17.884 0.528765 1.15976 1.8897
532 93.0513 17.2342 0.529813 1.16339 1.89679
533 88.0297 4.18782 0.530861 1.16685 1.90375
534 86.3067 10.013 0.531908 1.17014 1.91059
535 88.3326 18.0916 0.532956 1.17328 1.9173
536 86.9311 11.9526 0.534004 1.17626 1.92389
537 84.8735 17.3111 0.535051 1.17908 1.93035
538 82.9154 15.5047 0.536099 1.18176 1.9367
539 81.9422 21.5183 0.537146 1.1843 1.94294
540 81.8937 29.2037 0.538194 1.1867 1.94906
541 79.2423 21.4672 0.539241 1.18896 1.95508
542 77.1488 16.5486 0.540288 1.1911 1.96099
543 77.2176 19.6925 0.541336 1.19312 1.96679
544 77.7069 18.0045 0.542383 1.19867 1.93084
545 73.9316 20.3803 0.54343 1.19682 1.97812
546 73.5428 28.1114 0.544477 1.19852 1.98364
547 73.2424 26.2186 0.545524 1.20011 1.98908
548 72.3697 20.2501 0.546571 1.20161 1.99444
549 66.178 20.8821 0.547618 1.20303 1.99972
550 59.7579 10.3761 0.548665 1.20437 2.00493
551 60.27 9.44057 0.549712 1.20565 2.01007
552 62.6764 10.7971 0.550759 1.20332 2.00762
553 62.6828 14.4374 0.551806 1.20442 2.01253
554 62.8351 16.9778 0.552852 1.20545 2.01737
555 58.8415 12.3436 0.553899 1.20646 2.02219
556 55.3011 10.8088 0.554946 1.20743 2.02697
557 53.0196 4.9838 0.555992 1.20838 2.03172
558 52.1602 11.4717 0.557039 1.20931 2.03645
559 52.0232 14.3185 0.558085 1.21024 2.04116
560 51.8059 18.3472 0.559132 1.21511 2.05428
561 49.5394 16.461 0.560178 1.21609 2.05909
562 49.4077 13.551 0.561224 1.21709 2.06392
563 48.834 13.5932 0.562271 1.21812 2.06876
564 47.7522 18.1024 0.563317 1.21919 2.07363
565 45.2996 17.8652 0.564363 1.22031 2.07854
566 44.7466 20.6538 0.565409 1.22149 2.0835
567 40.9723 12.3927 0.566455 1.22273 2.08852
568 37.0277 8.18054 0.567501 1.22406 2.09361
569 37.1603 9.56835 0.568547 1.22547 2.09878
570 35.7927 17.973 0.569593 1.22699 2.10405
571 36.1181 14.8238 0.570639 1.22862 2.10943
572 33.1415 9.59257 0.571685 1.23038 2.11492
573 30.7409 3.2709 0.57273 1.23227 2.12055
574 31.0621 4.99862 0.573776 1.2343 2.12632
575 31.3004 7.09346 0.574822 1.23649 2.13225
576 28.1411 3.59098 0.575867 1.23884 2.13834
577 27.8365 4.16164 0.576913 1.24137 2.14461
578 28.5053 12.0568 0.577958 1.24407 2.15107
579 27.6954 3.32821 0.579004 1.24696 2.15772
580 25.0478 -1.72161 0.580049 1.25005 2.16458
581 22.8282 -1.54131 0.581094 1.25332 2.17164
582 21.9758 8.52456 0.58214 1.2568 2.17892
583 22.7412 8.49177 0.583185 1.26047 2.18641
584 20.9928 8.41809 0.58423 1.26433 2.19412
585 19.7033 6.04529 0.585275 1.26839 2.20203
586 22.8792 7.0636 0.58632 1.27264 2.21016
587 23.6413 8.26781 0.587365 1.27707 2.2185
588 20.9893 7.45073 0.58841 1.28168 2.22703
589 15.6453 -1.53468 0.589455 1.28645 2.23575
590 17.2442 3.23511 0.5905 1.29138 2.24465
591 16.2559 -2.47939 0.591545 1.29645 2.25372
592 17.4713 4.50127 0.592589 1.30166 2.26295
593 17.8029 13.2223 0.593634 1.30699 2.27232
594 15.7409 10.9298 0.594679 1.31243 2.28183
595 14.3757 6.24649 0.595723 1.31797 2.29145
596 13.8779 1.55459 0.596768 1.32359 2.30118
597 12.0707 -5.17117 0.597812 1.32928 2.31101
598 10.4726 -1.33387 0.598857 1.33504 2.32091
599 11.5448 1.8423 0.599901 1.34084 2.33088
600 7.78899 -4.0753 0.600945 1.34668 2.34091
601 5.92372 -2.87933 0.60199 1.35256 2.35098
602 7.92314 -5.29777 0.603034 1.35845 2.36109
603 7.25552 0.60458 0.604078 1.36435 2.37123
604 5.07758 -0.528635 0.605122 1.37025 2.38138
605 2.3867 -4.64006 0.606166 1.37614 2.39153
606 0.91785 -6.38551 0.60721 1.38203 2.40169
607 4.23538 -6.40725 0.608254 1.38789 2.41184
608 9.12146 0.447427 0.609298 1.39374 2.42198
609 7.58574 -6.00581 0.610342 1.39955 2.43211
610 3.64963 -2.38618 0.611385 1.40534 2.44221
611 -0.303287 -6.22714 0.612429 1.41109 2.45229
612 -0.911589 -8.03669 0.613473 1.41681 2.46235
613 0.512017 -8.15206 0.614516 1.42248 2.47237
614 2.62286 -6.84622 0.61556 1.4281 2.48235
615 2.14129 -14.3759 0.616603 1.43367 2.49224
616 2.16656 -17.5629 0.617647 1.43921 2.50215
617 3.76094 -7.52633 0.61869 1.4447 2.51201
618 2.92719 -12.7505 0.619733 1.45014 2.52184
619 2.94778 -4.86439 0.620777 1.45554 2.53163
620 4.10545 -3.09006 0.62182 1.46089 2.54138
621 4.01731 0.454041 0.622863 1.46621 2.5511
622 2.26975 -2.27845 0.623906 1.47146 2.56077
623 2.96745 -6.55153 0.624949 1.4773 2.57159
624 4.17934 -1.35255 0.625992 1.48246 2.58117
625 4.05387 3.12102 0.627035 1.48758 2.59072
626 1.30432 2.41898 0.628078 1.49266 2.60022
627 -1.56658 -4.80014 0.629121 1.4977 2.60969
628 -3.24452 -15.8962 0.630164 1.5027 2.61912
629 -3.7638 -15.3252 0.631206 1.50706 2.62738
630 -4.53509 -15.6573 0.632249 1.51199 2.63676
631 -3.0796 -12.4355 0.633292 1.51689 2.64611
632 -4.76067 -14.4705 0.634334 1.52175 2.65543
633 -2.66088 -3.793 0.635377 1.52659 2.66473
634 1.02413 -9.81605 0.636419 1.5314 2.674
635 0.69327 -7.98929 0.637461 1.53618 2.68325
636 -0.19397 -4.47404 0.638504 1.54093 2.69248
637 1.47384 1.46114 0.639546 1.54567 2.70169
638 -1.33989 -5.63919 0.640588 1.55039 2.71089
639 -2.40617 -10.4779 0.64163 1.5551 2.72007
640 -3.65598 -12.0382 0.642672 1.55979 2.72925
641 -7.18334 -10.8671 0.643714 1.56447 2.73842
642 -5.32649 -4.65476 0.644756 1.56919 2.74767
643 -2.93039 -1.64782 0.645798 1.57385 2.75683
644 -4.24841 -0.325758 0.64684 1.57852 2.766
645 -5.36867 -6.72258 0.647882 1.58319 2.77518
646 -0.663865 -4.91296 0.648924 1.58786 2.78436
647 3.08184 -4.49194 0.649965 1.59253 2.79355
648 4.59849 -6.1028 0.651007 1.59721 2.80276
649 5.2017 0.721016 0.652048 1.60196 2.81209
650 4.858 8.78918 0.65309 1.60669 2.82136
651 6.0621 3.73754 0.654131 1.6114 2.8306
652 6.6898 12.2538 0.655173 1.61614 2.8399
653 8.36288 17.3938 0.656214 1.62091 2.84923
654 8.81929 9.56327 0.657255 1.62571 2.85859
655 3.27714 -0.927406 0.658297 1.63053 2.86798
656 2.62812 4.32954 0.659338 1.63539 2.87742
657 -0.459666 -8.67643 0.660379 1.64027 2.8869
658 -2.22654 -12.9008 0.66142 1.6452 2.89643
659 2.33395 -5.60639 0.662461 1.65016 2.90601
660 4.79814 1.09312 0.663502 1.65517 2.91564
661 7.81852 6.8739 0.664543 1.66022 2.92533
662 8.98099 14.1272 0.665584 1.66532 2.93508
663 3.90894 -2.94988 0.666624 1.67047 2.9449
664 3.25263 -11.0768 0.667665 1.67567 2.95478
665 -0.0051478 -10.9568 0.668706 1.68092 2.96472
666 2.36104 -1.15764 0.669746 1.68623 2.97474
667 5.66482 10.7233 0.670787 1.6916 2.98483
668 7.56178 9.44785 0.671827 1.69702 2.995
669 8.96425 13.417 0.672868 1.7025 3.00524
670 3.7005 3.70858 0.673908 1.70805 3.01556
671 6.1863 7.82274 0.674948 1.71365 3.02596
672 8.28249 4.16882 0.675988 1.71932 3.03644
673 7.2527 3.46874 0.677028 1.72505 3.047
674 8.61869 4.94273 0.678069 1.73081 3.05759
675 6.63596 2.77388 0.679109 1.73667 3.06832
676 4.87393 1.34626 0.680149 1.74258 3.07913
677 4.67017 0.967154 0.681189 1.74856 3.09002
678 7.69009 7.67944 0.682228 1.7546 3.10099
679 5.01604 1.14787 0.683268 1.76069 3.11203
680 2.52435 -6.33673 0.684308 1.76685 3.12316
681 5.11123 8.69697 0.685348 1.77306 3.13436
682 6.6652 11.1916 0.686387 1.79095 3.17131
683 3.12825 1.37937 0.687427 1.78564 3.15697
684 3.75181 5.29814 0.688466 1.792 3.16838
685 4.16626 7.34362 0.689506 1.79842 3.17986
686 7.76242 5.23624 0.690545 1.80488 3.1914
687 4.89134 4.43817 0.691584 1.81138 3.203
688 -0.56267 -8.95307 0.692624 1.81793 3.21465
689 1.99576 -5.03383 0.693663 1.82451 3.22637
690 1.10763 -1.61087 0.694702 1.83113 3.23813
691 -0.891981 6.05939 0.695741 1.83779 3.24994
692 -1.80852 3.31303 0.69678 1.84447 3.26179
693 1.20703 1.0242 0.697819 1.85119 3.2737
694 2.47884 2.86731 0.698858 1.85794 3.28564
695 3.47414 5.3612 0.699897 1.86471 3.29761
696 6.79735 12.5074 0.700935 1.8715 3.30962
697 2.35015 -1.74508 0.701974 1.87831 3.32167
698 -2.1642 -11.8775 0.703013 1.88514 3.33374
699 0.189521 -7.4994 0.704051 1.892 3.34584
700 2.99609 -3.5959 0.70509 1.89886 3.35797
701 4.4767 -0.571042 0.706128 1.90575 3.37012
702 6.63152 12.6748 0.707167 1.91265 3.3823
703 7.15995 15.9044 0.708205 1.91956 3.39449
704 2.28203 8.95746 0.709243 1.92648 3.40671
705 -4.61476 -0.779193 0.710282 1.93342 3.41895
706 -2.25109 -3.34297 0.71132 1.94036 3.4312
707 1.74174 3.92355 0.712358 1.94732 3.44347
708 3.60024 10.9738 0.713396 1.95428 3.45576
709 0.821611 4.69183 0.714434 1.96125 3.46807
710 -1.94504 -2.79341 0.715472 1.96824 3.48039
711 -0.862241 2.29269 0.716509 1.97523 3.49272
712 0.384423 -4.184 0.717547 1.98222 3.50507
713 -1.53934 1.15735 0.718585 1.98921 3.51741
714 1.43733 4.13964 0.719623 1.99625 3.52981
715 1.02127 -2.18186 0.72066 2.00323 3.54215
716 2.76612 8.15484 0.721698 2.0103 3.55461
717 3.44086 8.71165 0.722735 2.01724 3.56679
718 2.11597 4.25129 0.723773 2.02424 3.57914
719 1.36909 -0.157467 0.72481 2.03111 3.59129
720 -0.273404 -4.1635 0.725847 2.03829 3.60394
721 2.81322 -5.51843 0.726884 2.0451 3.61597
722 4.08272 -1.23849 0.727921 2.05219 3.62848
723 -1.08083 -11.4116 0.728959 2.05882 3.64023
724 -6.03865 -15.2332 0.729996 2.06527 3.65169
725 -6.78024 -11.6855 0.731033 2.07277 3.66488
726 1.80476 -2.63935 0.732069 2.0791 3.67617
727 0.759924 -12.9389 0.733106 2.08627 3.6888
728 -1.61489 -10.2716 0.734143 2.09251 3.69998
729 1.23693 -4.01214 0.73518 2.09971 3.71267
730 1.36082 -2.00369 0.736216 2.10693 3.72538
731 2.81609 7.73091 0.737253 2.11507 3.73952
732 2.2731 10.022 0.738289 2.12231 3.75225
733 0.338792 2.84044 0.739326 2.12925 3.76448
734 -2.19854 -12.7479 0.740362 2.13726 3.77844
735 -3.5917 -14.3994 0.741399 2.14433 3.79089
736 -1.51702 0.793606 0.742435 2.1522 3.80465
737 5.85324 17.5103 0.743471 2.1598 3.81797
738 6.1968 10.8212 0.744507 2.16713 3.83083
739 4.01644 9.51458 0.745543 2.1747 3.84409
740 3.25167 6.62213 0.746579 2.18206 3.857
741 4.905 9.19569 0.747615 2.1897 3.87043
742 3.39818 15.6401 0.748651 2.19723 3.88361
743 3.95888 17.75 0.749687 2.20467 3.89662
744 5.03576 2.23676 0.750722 2.21218 3.90975
745 8.00187 1.79851 0.751758 2.21966 3.92283
746 12.5139 11.5734 0.752794 2.22717 3.93594
747 8.70784 10.9799 0.753829 2.23473 3.94913
748 8.1892 8.92746 0.754865 2.24229 3.96231
749 6.14681 8.95075 0.7559 2.24989 3.97555
750 0.775502 1.11275 0.756935 2.25751 3.98882
751 -3.21679 -8.50666 0.757971 2.26515 4.00212
752 -1.26313 -2.96225 0.759006 2.27282 4.01545
753 3.57266 -0.712643 0.760041 2.28051 4.0288
754 4.8734 -1.92278 0.761076 2.28824 4.04221
755 4.03259 -3.10175 0.762111 2.296 4.05566
756 -0.498839 -12.0945 0.763146 2.30378 4.06916
757 -2.19377 -10.3807 0.764181 2.31159 4.08268
758 1.54152 -0.232102 0.765216 2.31948 4.09631
759 1.04846 1.20277 0.76625 2.32736 4.10993
760 -0.232479 8.16332 0.767285 2.33527 4.12359
761 -1.12456 4.6686 0.76832 2.34321 4.13729
762 -5.45622 -9.1047 0.769354 2.35118 4.15104
763 -6.96097 -12.0534 0.770389 2.35918 4.16483
764 -2.83202 -3.88472 0.771423 2.36722 4.17866
765 -1.26882 -0.974243 0.772458 2.37528 4.19253
766 -2.31439 -3.11 0.773492 2.38338 4.20644
767 -5.00923 -17.4579 0.774526 2.39151 4.2204
768 -4.25528 -16.488 0.77556 2.39967 4.2344
769 -0.979994 -8.5519 0.776594 2.40786 4.24845
770 -2.49814 -9.42718 0.777628 2.41608 4.26253
771 -5.34203 -17.2126 0.778662 2.42434 4.27666
772 -2.49193 -10.6961 0.779696 2.43262 4.29083
773 7.53069 6.76677 0.78073 2.44093 4.30504
774 4.39352 -0.23007 0.781764 2.44928 4.3193
775 1.45739 -0.527983 0.782797 2.45765 4.33359
776 7.83388 15.5183 0.783831 2.46606 4.34792
777 7.31413 8.37095 0.784864 2.47448 4.36229
778 0.70465 -6.40277 0.785898 2.48295 4.3767
779 -3.56046 -10.9496 0.786931 2.49143 4.39113
780 3.25246 -0.555097 0.787965 2.49993 4.4056
781 7.73131 5.37228 0.788998 2.50842 4.42004
782 10.273 13.938 0.790031 2.51682 4.4343
783 7.71307 14.76 0.791064 2.52244 4.44468
784 -3.66717e+07 5.50249 0.792097 2.62611e+08 0.864487
785 3.25382e+10 -0.400801 0.79313 2.4218e+10 1.10214
786 -2.34903e+08 -3.18283 0.794163 3.43133e+08 0.84805
787 10.2831 16.2556 0.795196 2.69973 4.77479
788 13.8596 20.0248 0.796229 2.56523 4.51783
789 9.54565 13.5348 0.797262 2.57581 4.5344
790 3.80804 5.6253 0.798294 2.58536 4.55043
791 7.04883 9.61132 0.799327 2.59475 4.56627
792 5.52089 3.61226 0.800359 2.6036 4.58122
793 4.12378 9.39601 0.801392 2.61248 4.5962
794 5.80606 7.97391 0.802424 2.62138 4.61122
795 7.34268 8.41237 0.803456 2.63031 4.62627
796 9.72473 2.87696 0.804489 2.63877 4.64053
797 12.0636 9.34136 0.805521 2.64823 4.65646
798 13.1004 13.6417 0.806553 2.65723 4.6716
799 9.07327 8.02677 0.807585 2.66625 4.68677
800 1.93252 -1.45423 0.808617 2.67484 4.70122
801 -0.430908 -13.9227 0.809649 2.68391 4.71647
802 1.15677 -12.0725 0.810681 2.69291 4.7316
803 3.96443 0.313412 0.811712 2.70308 4.74864
804 3.94124 1.03528 0.812744 2.7122 4.76395
805 8.46188 3.16608 0.813776 2.72134 4.77928
806 12.2836 10.9557 0.814807 2.73051 4.79465
807 13.8395 16.7291 0.815839 2.7397 4.81004
808 11.7634 13.3898 0.81687 2.74892 4.82547
809 5.99232 14.8384 0.817902 2.75815 4.84093
810 4.86263 14.0621 0.818933 2.76742 4.85641
811 4.64201 6.0684 0.819964 2.7767 4.87193
812 9.98267 17.8206 0.820995 2.78601 4.88748
813 13.3576 28.0699 0.822026 2.79534 4.90306
814 9.34651 23.7531 0.823057 2.80469 4.91868
815 3.94327 2.64538 0.824088 2.81407 4.93432
816 3.96909 -4.29844 0.825119 2.82347 4.94999
817 -3.10356 -9.28681 0.82615 2.8329 4.9657
818 -5.937 -5.98879 0.82718 2.84235 4.98143
819 -7.87813 -13.3456 0.828211 2.85182 4.9972
820 -8.23274 -13.6662 0.829242 2.86132 5.013
821 -9.27757 -12.3861 0.830272 2.87084 5.02883
822 -4.78363 -7.31552 0.831302 2.88038 5.0447
823 -3.92456 -6.58111 0.832333 2.88995 5.06059
824 -3.65536 -4.85643 0.833363 2.89955 5.07652
825 -4.08522 -11.4492 0.834393 2.90917 5.09248
826 -4.14134 -13.3133 0.835423 2.91881 5.10847
827 -2.60476 -12.6806 0.836453 2.92848 5.12449
828 5.81412 4.73054 0.837483 2.93817 5.14055
829 8.03204 6.97872 0.838513 2.94789 5.15664
830 3.78095 -5.44625 0.839543 2.95764 5.17276
831 -1.01028 -10.5714 0.840573 2.9674 5.18891
832 5.56528 2.88408 0.841603 2.9772 5.2051
833 9.17142 14.6554 0.842632 2.98702 5.22133
834 9.32907 8.03718 0.843662 2.99687 5.23758
835 2.76521 -4.58116 0.844691 3.00674 5.25387
836 -2.25841 -10.8835 0.845721 3.01664 5.27019
837 1.55438 -2.67864 0.84675 3.02656 5.28654
838 -3.27297 -17.4237 0.847779 3.03651 5.30293
839 -5.8814 -23.7332 0.848809 3.04649 5.31936
840 0.307487 -0.379445 0.849838 3.05649 5.33581
841 3.41956 13.9827 0.850867 3.06652 5.35231
842 -0.243562 2.68871 0.851896 3.07657 5.36883
843 -3.40697 -6.57381 0.852925 3.08665 5.38539
844 -8.10112 -12.243 0.853954 3.09676 5.40199
845 -6.46681 -1.6673 0.854982 3.10677 5.4184
846 5.15711 11.7838 0.856011 3.11694 5.43507
847 2.29262 5.74794 0.85704 3.12713 5.45177
848 1.21365 4.91343 0.858068 3.13735 5.46851
849 -4.44607 -4.16997 0.859097 3.14759 5.48528
850 -5.22608 -9.35668 0.860125 3.15787 5.50209
851 -0.418425 -3.9379 0.861153 3.16817 5.51893
852 1.55249 0.782063 0.862182 3.1786 5.53599
853 -2.78041 -9.41509 0.86321 3.18895 5.5529
854 1.8313 0.442143 0.864238 3.19933 5.56984
855 0.598307 -1.25075 0.865266 3.20974 5.58682
856 -1.93017 -2.08904 0.866294 3.22017 5.60383
857 4.56198 4.47007 0.867322 3.23063 5.62088
858 3.37244 8.41992 0.86835 3.24111 5.63795
859 -3.59688 -1.42409 0.869377 3.25163 5.65507
860 -3.85698 -6.02736 0.870405 3.26217 5.67222
861 -0.207091 -4.89767 0.871433 3.27274 5.6894
862 0.712386 -6.62507 0.87246 3.28334 5.70663
863 -0.383283 -5.83237 0.873488 3.29396 5.72388
864 2.89813 -6.4873 0.874515 3.30461 5.74117
865 3.30729 5.09571 0.875542 3.31529 5.7585
866 0.202031 -0.381459 0.876569 3.326 5.77586
867 -0.426704 -1.27261 0.877597 3.33673 5.79325
868 -2.60316 -12.409 0.878624 3.34749 5.81068
869 -8.58927 -22.0713 0.879651 3.35828 5.82815
870 -12.4331 -29.4631 0.880678 3.3691 5.84565
871 -6.91893 -16.2488 0.881704 3.37994 5.86318
872 -4.26576 -17.1342 0.882731 3.39074 5.88064
873 -5.32158 -15.0054 0.883758 3.40164 5.89824
874 1.81448 -3.56048 0.884784 3.41258 5.9159
875 5.4214 8.69274 0.885811 3.42353 5.93357
876 9.57837 12.7499 0.886837 3.43451 5.95128
877 7.29775 9.66485 0.887864 3.44552 5.96902
878 -3.64547 -12.5636 0.88889 3.45655 5.98679
879 -13.7053 -31.7616 0.889916 3.46761 6.0046
880 -12.3484 -32.7757 0.890943 3.4787 6.02244
881 -1.47033 -20.4039 0.891969 3.48981 6.04032
882 0.214458 -11.68 0.892995 3.50096 6.05823
883 -2.15013 -10.4134 0.894021 3.51213 6.07617
884 5.87071 3.61401 0.895047 3.52332 6.09415
885 15.9716 21.2015 0.896072 3.53454 6.11216
886 10.3649 17.5163 0.897098 3.54579 6.1302
887 5.11094 17.3762 0.898124 3.55707 6.14829
888 3.91976 7.42163 0.899149 3.56838 6.1664
889 3.42555 2.94815 0.900175 3.57971 6.18455
890 2.67936 -0.802223 0.9012 3.59109 6.20276
891 -1.88608 -9.99841 0.902225 3.60247 6.22097
892 -3.27827 -10.0365 0.903251 3.61388 6.23922
893 -0.966473 -8.40628 0.904276 3.62532 6.2575
894 0.0888579 -4.74265 0.905301 3.63678 6.27581
895 -1.3724 -5.13176 0.906326 3.64828 6.29415
896 0.131434 -3.00767 0.907351 3.6598 6.31253
897 1.85577 3.45104 0.908376 3.67134 6.33095
898 0.182969 -7.14405 0.909401 3.68292 6.34939
899 -2.84655 -15.5946 0.910425 3.69451 6.36787
900 -2.86085 -16.0185 0.91145 3.70614 6.38638
901 3.51904 -6.00747 0.912475 3.7178 6.40493
902 -0.891498 -7.46673 0.913499 3.72948 6.42351
903 3.90526 -2.20687 0.914524 3.74118 6.44212
904 10.1897 3.57105 0.915548 3.75292 6.46077
905 3.79884 0.384151 0.916572 3.7646 6.47932
906 -1.33084 -0.931796 0.917596 3.77639 6.49804
907 -3.27901 -11.9873 0.91862 3.78821 6.51684
908 6.35711 -1.69138 0.919644 3.80013 6.53574
909 7.94425 10.1944 0.920668 3.812 6.55455
910 3.7017 5.33062 0.921692 3.8239 6.57339
911 4.22196 9.84002 0.922716 3.83583 6.59227
912 6.16642 14.5141 0.92374 3.84778 6.61119
913 4.217 10.0588 0.924763 3.85976 6.63013
914 3.32016 7.37209 0.925787 3.87176 6.64911
915 -1.26932 -4.182 0.92681 3.88379 6.6681
916 -0.785021 -2.76775 0.927834 3.89585 6.68715
917 13.7961 21.8533 0.928857 3.90794 6.70623
918 9.24722 13.7915 0.92988 3.92006 6.72534
919 -3.55443 -12.253 0.930904 3.9322 6.74448
920 3.42428 -4.15738 0.931927 3.94437 6.76366
921 1.16543 1.77123 0.93295 3.95657 6.78288
922 -0.0387086 -2.65535 0.933973 3.9688 6.80212
923 4.45716 3.61646 0.934996 3.98104 6.82138
924 11.8323 20.296 0.936018 3.99333 6.84071
925 8.33487 8.185 0.937041 4.00564 6.86006
926 4.68632 2.17551 0.938064 4.01798 6.87944
927 -3.46089 -7.08706 0.939086 4.03034 6.89885
928 -9.34402 -7.45175 0.940109 4.04269 6.91822
929 -3.13089 5.37684 0.941131 4.05511 6.9377
930 6.3144 18.0652 0.942153 4.06756 6.95721
931 -0.426067 4.19669 0.943176 4.08002 6.97675
932 -5.22242 -8.6378 0.944198 4.09253 6.99633
933 7.47392 15.7472 0.94522 4.10506 7.01594
934 11.4145 25.39 0.946242 4.11757 7.03551
935 1.62977 9.4945 0.947264 4.13016 7.0552
936 -2.6216 -2.40941 0.948285 4.14273 7.07485
937 -7.514 -12.5347 0.949307 4.15514 7.09424
938 -10.6794 -23.0086 0.950329 4.16801 7.11435
939 -5.83971 -11.7118 0.95135 4.18058 7.13401
940 -3.63114 -4.13425 0.952372 4.1934 7.15408
941 -11.3309 -21.3684 0.953393 4.20629 7.17435
942 -6.84148 -10.8132 0.954415 4.2204 7.1969
943 -9.27478 -11.609 0.955436 4.18814 7.15957
944 -11.4572 -13.7598 0.956457 4.24479 7.23398
945 -10.317 -15.9867 0.957478 4.25766 7.25399
946 -24.3521 -36.4799 0.958499 4.27056 7.27413
947 -22.1625 -37.8395 0.95952 4.28348 7.29421
948 -5.61014 -10.1956 0.960541 4.29643 7.31431
949 1.46539 9.97766 0.961562 4.30937 7.33434
950 3.38332 13.4785 0.962583 4.32234 7.35447
