240 169.865 -6.69314 0.221754 1.14855 0.457015
241 171.952 -1.76097 0.222815 1.14522 0.458138
242 167.024 2.57049 0.223876 1.14115 0.459217
243 159.638 2.93175 0.224938 1.13647 0.460263
244 152.819 0.0468172 0.225999 1.13117 0.461274
245 145.796 0.321228 0.22706 1.12527 0.462249
246 138.247 0.780112 0.228121 1.11878 0.463186
247 130.056 0.37741 0.229182 1.11169 0.464084
248 122.931 3.02901 0.230243 1.10403 0.464943
249 115.23 3.80517 0.231304 1.09581 0.46576
250 106.776 2.48078 0.232365 1.08706 0.466537
251 101.439 1.19375 0.233426 1.07777 0.46727
252 95.2527 -0.950317 0.234486 1.06797 0.467958
253 88.9229 -0.706562 0.235547 1.05767 0.468602
254 83.2109 2.42775 0.236608 1.0469 0.469202
255 79.54 2.84178 0.237668 1.03569 0.469756
256 74.3088 1.09142 0.238729 1.02406 0.470265
257 70.8391 1.67622 0.239789 1.01202 0.470728
258 65.4268 -0.182097 0.24085 0.999617 0.471145
259 57.9021 3.02013 0.24191 0.986861 0.471517
260 51.4296 3.31126 0.24297 0.973779 0.471843
261 47.8181 3.0513 0.24403 0.960399 0.472123
262 44.9466 -3.27896 0.24509 0.946745 0.472358
263 38.7416 -4.45794 0.24615 0.932843 0.472547
264 36.7409 -0.145516 0.247211 0.918719 0.472692
265 35.0225 0.610645 0.24827 0.904397 0.472792
266 31.9927 -1.40646 0.24933 0.889895 0.472848
267 27.3961 -2.22272 0.25039 0.875256 0.472861
268 23.7015 -5.07906 0.25145 0.860496 0.472832
269 20.6043 -4.24225 0.25251 0.845639 0.472761
270 17.9383 -1.1495 0.25357 0.830711 0.47265
271 16.8295 -1.05838 0.254629 0.815721 0.472496
272 15.4716 -1.82694 0.255689 0.800724 0.472306
273 13.7382 -1.07987 0.256748 0.785728 0.472078
274 11.5206 -4.68238 0.257808 0.770762 0.471815
275 9.51587 -6.81135 0.258867 0.755837 0.471517
276 7.77979 -8.54712 0.259927 0.740983 0.471186
277 7.20643 -5.33156 0.260986 0.726188 0.470819
278 5.54087 -2.80574 0.262045 0.711547 0.470427
279 5.01542 0.25858 0.263104 0.697082 0.470014
280 4.27163 -3.61957 0.264164 0.682745 0.469572
281 3.91041 -3.5223 0.265223 0.668598 0.469109
282 2.24133 1.00678 0.266282 0.654658 0.468627
283 1.82427 0.308616 0.267341 0.640952 0.468131
284 1.74982 0.540718 0.2684 0.627504 0.467623
285 1.84051 -0.0683798 0.269459 0.614339 0.467109
286 2.56304 -1.55354 0.270518 0.60148 0.466594
287 3.80041 -2.61682 0.271576 0.588953 0.466083
288 2.87734 -2.83426 0.272635 0.576785 0.465582
289 1.27187 -6.95778 0.273694 0.564998 0.465098
290 0.630725 -7.65941 0.274753 0.55362 0.46464
291 1.67635 -7.75342 0.275811 0.542675 0.464216
292 2.15806 -5.98437 0.27687 0.532852 0.464204
293 3.1346 -5.00956 0.277928 0.522183 0.463509
294 5.34167 -8.58239 0.278987 0.51269 0.463247
295 7.64124 -12.6094 0.280045 0.503748 0.463062
296 8.50924 -8.31397 0.281104 0.495398 0.462961
297 10.8389 -6.4316 0.282162 0.4877 0.462951
298 13.9869 -6.87334 0.28322 0.480733 0.46304
299 15.9357 -9.08816 0.284278 0.474562 0.463239
300 17.7345 -4.64466 0.285337 0.469278 0.463533
301 18.426 -1.75702 0.286395 0.46492 0.463926
302 19.2882 -6.53599 0.287453 0.461522 0.464421
303 20.3838 -9.3123 0.288511 0.459074 0.465019
304 21.2298 -10.5159 0.289569 0.457522 0.465719
305 21.7438 -7.0336 0.290627 0.456795 0.466522
306 23.0812 -6.9945 0.291685 0.456786 0.467444
307 23.9163 -7.35551 0.292743 0.457379 0.468476
308 26.6212 -8.37252 0.293801 0.458465 0.469616
309 27.8336 -9.12655 0.294858 0.459948 0.470859
310 30.2218 -8.99931 0.295916 0.46216 0.472464
311 32.8015 -6.55359 0.296974 0.463787 0.473619
312 33.779 -5.67532 0.298031 0.466017 0.475116
313 33.8674 -4.28797 0.299089 0.468388 0.476675
314 34.253 -7.60601 0.300146 0.470861 0.478287
315 35.3506 -8.1068 0.301204 0.473399 0.479941
316 38.3526 -7.60961 0.302261 0.475969 0.481626
317 39.1551 -5.90844 0.303319 0.478541 0.483336
318 39.885 -6.39536 0.304376 0.481108 0.485079
319 42.0938 -5.41834 0.305434 0.483604 0.486812
320 45.4162 -5.25668 0.306491 0.486025 0.488549
321 49.0161 -9.28395 0.307548 0.488349 0.490283
322 48.9605 -6.69265 0.308605 0.490562 0.492009
323 49.9404 -7.95704 0.309662 0.492617 0.493701
324 50.0658 -6.7218 0.310719 0.494557 0.495398
325 50.752 -9.84378 0.311777 0.496348 0.497077
326 54.0595 -8.30929 0.312834 0.497972 0.498732
327 54.5848 -6.91405 0.31389 0.499423 0.500361
328 55.0963 -8.50524 0.314947 0.500685 0.501959
329 55.3791 -11.2958 0.316004 0.501773 0.503531
330 57.1865 -10.46 0.317061 0.502673 0.50507
331 58.775 -8.29128 0.318118 0.503507 0.506616
332 58.6839 -6.5451 0.319175 0.503903 0.508048
333 59.7434 -6.02709 0.320231 0.504228 0.509483
334 61.305 -4.9829 0.321288 0.504361 0.510881
335 61.9435 -8.1478 0.322345 0.504302 0.51224
336 62.8034 -6.78055 0.323401 0.504055 0.513561
337 63.0002 -8.96551 0.324458 0.503617 0.514842
338 62.3077 -9.66748 0.325514 0.502995 0.516083
339 62.9744 -7.1623 0.326571 0.502191 0.517283
340 64.7115 -5.22983 0.327627 0.501208 0.518442
341 64.5587 -8.5226 0.328683 0.500051 0.51956
342 65.4677 -7.39128 0.32974 0.498724 0.520636
343 65.6695 -9.995 0.330796 0.497231 0.521671
344 64.2784 -8.71898 0.331852 0.495578 0.522664
345 64.5227 -11.3188 0.332908 0.493768 0.523615
346 65.3922 -8.93659 0.333965 0.49181 0.524525
347 67.0589 -7.18836 0.335021 0.489708 0.525394
348 67.2511 -7.20935 0.336077 0.487468 0.526222
349 64.9032 -8.04825 0.337133 0.485096 0.527009
350 62.4424 -8.86558 0.338189 0.482597 0.527755
351 63.9406 -5.88721 0.339245 0.479978 0.528462
352 66.9673 -5.64959 0.3403 0.477246 0.529129
353 67.4451 -8.62431 0.341356 0.474408 0.529758
354 65.5822 -7.43943 0.342412 0.471467 0.530348
355 63.8497 -7.51693 0.343468 0.468433 0.530901
356 64.4451 -5.42717 0.344524 0.465312 0.531417
357 64.4039 -3.9799 0.345579 0.462109 0.531897
358 63.4904 -1.35304 0.346635 0.458833 0.532341
359 62.5553 0.363819 0.34769 0.45549 0.532752
360 61.4397 -5.4255 0.348746 0.452086 0.53313
361 61.633 -10.4557 0.349801 0.448628 0.533476
362 61.6847 -8.81416 0.350857 0.445125 0.533791
363 61.228 -10.1569 0.351912 0.441582 0.534077
364 61.8963 -6.47403 0.352968 0.438008 0.534335
365 60.987 -5.3218 0.354023 0.434409 0.534568
366 60.8986 -7.26366 0.355078 0.430792 0.534775
367 59.3416 -7.49106 0.356134 0.427166 0.534961
368 58.0108 -6.2803 0.357189 0.423538 0.535125
369 57.2478 -4.65758 0.358244 0.419916 0.535272
370 56.3805 -6.24091 0.359299 0.416308 0.535403
371 55.5985 -5.86116 0.360354 0.412722 0.535521
372 56.0753 -5.34098 0.361409 0.409168 0.535629
373 55.6652 -5.30344 0.362464 0.405654 0.53573
374 54.594 -5.9263 0.363519 0.40219 0.535828
375 54.9367 -5.08729 0.364574 0.398785 0.535927
376 55.3878 -3.57015 0.365629 0.395512 0.536061
377 54.365 -6.8306 0.366684 0.392195 0.536143
378 52.5267 -4.76308 0.367738 0.389032 0.536271
379 52.9068 -3.57042 0.368793 0.385976 0.536422
380 52.6515 -2.51269 0.369848 0.38303 0.536596
381 53.5191 -1.63565 0.370902 0.380211 0.536803
382 54.4016 -1.96611 0.371957 0.377533 0.537049
383 53.6222 -1.90873 0.373012 0.375008 0.537341
384 52.35 -2.80385 0.374066 0.37265 0.537687
385 52.3547 -3.79484 0.375121 0.370472 0.538095
386 52.369 -2.91383 0.376175 0.368487 0.538571
387 52.4845 1.13517 0.377229 0.366706 0.539123
388 52.5064 -1.31396 0.378284 0.365139 0.539757
389 53.103 4.87083 0.379338 0.363796 0.54048
390 51.8336 6.02418 0.380392 0.362683 0.541296
391 49.956 4.61443 0.381447 0.361804 0.54221
392 48.3025 6.13458 0.382501 0.361159 0.543224
393 47.0536 3.46125 0.383555 0.360747 0.54434
394 45.4175 4.1888 0.384609 0.360562 0.545558
395 43.5004 2.70768 0.385663 0.360594 0.546875
396 41.9806 2.18383 0.386717 0.36083 0.54829
397 40.8831 4.69251 0.387771 0.361258 0.549796
398 39.2714 2.48373 0.388825 0.361858 0.551381
399 35.9815 1.22913 0.389879 0.362615 0.553055
400 35.2006 -1.13413 0.390933 0.363512 0.554804
401 34.1204 -0.961291 0.391986 0.364526 0.556617
402 32.2886 0.0849544 0.39304 0.36564 0.558488
403 29.3994 -0.806005 0.394094 0.366863 0.560426
404 27.9719 2.42194 0.395148 0.36813 0.562394
405 26.5809 1.58629 0.396201 0.3694 0.564368
406 24.8173 0.598737 0.397255 0.370742 0.566394
407 23.12 0.281483 0.398308 0.372104 0.568441
408 22.4358 0.640706 0.399362 0.373474 0.570503
409 19.7587 -1.00584 0.400415 0.374841 0.572575
410 18.5555 0.517762 0.401469 0.376196 0.574652
411 19.3853 -0.355663 0.402522 0.377529 0.576729
412 19.2234 0.29978 0.403575 0.378835 0.578803
413 18.0076 0.282777 0.404629 0.380105 0.580869
414 16.0916 -0.00208945 0.405682 0.381334 0.582925
415 15.2242 0.712279 0.406735 0.382519 0.584968
416 13.6608 1.25188 0.407788 0.383662 0.587012
417 13.4817 1.90909 0.408841 0.384745 0.589023
418 12.5914 -0.505216 0.409894 0.385773 0.591015
419 11.4913 1.5318 0.410947 0.386744 0.592986
420 10.8142 2.74336 0.412 0.387655 0.594935
421 9.44094 3.18287 0.413053 0.388507 0.596861
422 8.70686 -1.10242 0.414106 0.389297 0.598762
423 8.25676 -2.81021 0.415159 0.390025 0.600639
424 7.31959 0.793596 0.416212 0.390692 0.602491
425 5.50887 -1.99287 0.417265 0.391297 0.604316
426 4.67385 -1.97158 0.418317 0.391841 0.606116
427 3.71382 -0.9534 0.41937 0.392324 0.607889
428 3.06666 -9.38718 0.420423 0.392747 0.609636
429 3.7336 -9.1997 0.421475 0.39311 0.611355
430 3.96974 -4.59533 0.422528 0.393416 0.613048
431 3.70033 -6.0255 0.42358 0.393665 0.614714
432 2.74191 -2.96752 0.424633 0.393859 0.616354
433 1.72526 -5.83543 0.425685 0.393998 0.617968
434 2.09207 -6.84819 0.426738 0.394086 0.619557
435 2.54001 -5.96686 0.42779 0.394123 0.621119
436 2.23128 -5.59299 0.428842 0.394111 0.622657
437 1.72375 -5.77061 0.429894 0.394051 0.62417
438 1.39013 -8.33222 0.430947 0.393947 0.62566
439 1.02075 -7.75378 0.431999 0.393799 0.627125
440 0.902224 -7.21804 0.433051 0.393611 0.628568
441 1.44356 -4.61147 0.434103 0.393383 0.629989
442 1.96217 -5.20337 0.435155 0.393119 0.631389
443 1.86764 -4.18831 0.436207 0.392819 0.632768
444 1.8762 -5.20822 0.437259 0.392488 0.634127
445 1.37829 -8.20829 0.438311 0.392126 0.635468
446 2.51338 -6.73934 0.439363 0.391736 0.63679
447 1.74728 -7.32454 0.440414 0.39132 0.638096
448 1.30377 -5.77746 0.441466 0.390881 0.639386
449 1.75438 -8.18028 0.442518 0.390421 0.64066
450 2.91965 -9.79198 0.44357 0.389943 0.641922
451 3.3511 -9.36824 0.444621 0.389449 0.64317
452 3.69976 -6.00576 0.445673 0.388942 0.644408
453 3.90748 -2.7864 0.446724 0.388424 0.645636
454 4.75718 -2.42327 0.447776 0.387897 0.646855
455 5.04461 -3.60429 0.448827 0.387365 0.648067
456 5.67933 -5.39012 0.449879 0.38683 0.649274
457 6.25875 -8.88785 0.45093 0.386294 0.650477
458 6.6416 -7.41711 0.451981 0.385761 0.651677
459 7.3579 -5.75601 0.453032 0.385234 0.652878
460 7.96584 -6.22545 0.454084 0.384714 0.65408
461 7.83699 -8.23592 0.455135 0.384206 0.655285
462 7.39924 -10.6569 0.456186 0.383711 0.656496
463 7.89372 -7.97636 0.457237 0.383234 0.657714
464 8.63229 -3.94708 0.458288 0.382776 0.658943
465 9.13551 -8.00032 0.459339 0.382342 0.660184
466 9.46909 -6.84778 0.46039 0.381933 0.661439
467 10.8049 -0.889768 0.461441 0.381554 0.662711
468 11.4718 -4.32884 0.462492 0.381207 0.664003
469 12.1216 -2.26883 0.463543 0.380896 0.665318
470 13.1989 -5.00921 0.464593 0.380623 0.666657
471 13.4374 -9.67752 0.465644 0.380392 0.668024
472 13.6817 -8.83454 0.466695 0.380206 0.669422
473 13.9719 -10.4687 0.467745 0.380067 0.670854
474 14.7812 -10.0432 0.468796 0.379978 0.672321
475 15.7893 -10.2517 0.469847 0.379943 0.673827
476 17.1199 -5.59839 0.470897 0.379967 0.67537
477 17.8443 -4.87244 0.471947 0.380043 0.676959
478 18.9526 -6.95505 0.472998 0.380178 0.678594
479 20.5037 -3.51614 0.474048 0.380372 0.680275
480 21.4872 -5.13468 0.475099 0.380628 0.682005
481 22.0022 -6.47518 0.476149 0.380944 0.683784
482 22.4856 -6.6673 0.477199 0.381321 0.685613
483 23.1265 -5.77764 0.478249 0.381758 0.687492
484 24.6155 -6.04802 0.479299 0.382254 0.689421
485 25.195 -2.75473 0.480349 0.382806 0.691398
486 26.4326 -0.667475 0.481399 0.383414 0.693424
487 27.1725 -0.842969 0.482449 0.384073 0.695495
488 27.1741 -1.37478 0.483499 0.384781 0.697611
489 26.7032 0.168209 0.484549 0.385535 0.699769
490 27.5436 0.982076 0.485599 0.386331 0.701967
491 29.2436 0.0996299 0.486649 0.387166 0.704201
492 30.0416 0.120105 0.487699 0.388034 0.70647
493 29.3904 -3.14313 0.488748 0.388933 0.708769
494 29.6771 -2.49247 0.489798 0.389858 0.711097
495 31.0049 -4.024 0.490848 0.390806 0.713449
496 31.4979 -0.807014 0.491897 0.391777 0.715844
497 32.7508 0.0572519 0.492947 0.39276 0.718239
498 33.4393 -1.25028 0.493996 0.393755 0.720651
499 34.1338 -0.815925 0.495046 0.394758 0.723076
500 33.7063 -1.70804 0.496095 0.395769 0.725518
501 33.8746 -0.667157 0.497144 0.396782 0.727966
502 34.7648 2.4759 0.498193 0.397797 0.73042
503 33.8602 3.24031 0.499243 0.398811 0.73288
504 33.9098 2.02583 0.500292 0.399821 0.735344
505 33.8587 0.589693 0.501341 0.400827 0.737811
506 33.1026 -1.51578 0.50239 0.401827 0.740278
507 31.8883 -2.32126 0.503439 0.402819 0.742745
508 32.6016 -1.232 0.504488 0.403802 0.745211
509 32.7024 2.04957 0.505537 0.404776 0.747675
510 32.5019 2.98139 0.506586 0.40574 0.750136
511 33.2671 5.64679 0.507635 0.406692 0.752593
512 33.7419 3.74823 0.508684 0.407633 0.755045
513 32.5018 1.7713 0.509732 0.408562 0.757493
514 32.1317 2.90807 0.510781 0.409479 0.759936
515 32.4815 4.94105 0.51183 0.410383 0.762374
516 33.6354 7.25768 0.512878 0.409757 0.762756
517 33.8892 6.40404 0.513927 0.410605 0.765137
518 33.8809 7.71318 0.514975 0.41144 0.767511
519 33.174 5.54682 0.516024 0.412262 0.769879
520 32.9703 7.40244 0.517072 0.413073 0.77224
521 32.3905 7.85124 0.518121 0.413871 0.774595
522 30.4457 2.84672 0.519169 0.414658 0.776944
523 30.0994 1.69017 0.520217 0.417179 0.781667
524 30.8079 2.21999 0.521266 0.417977 0.784054
525 30.6989 5.79395 0.522314 0.418765 0.786436
526 31.2463 3.5249 0.523362 0.419544 0.788813
527 30.7173 2.76828 0.52441 0.420313 0.791186
528 30.7305 4.85544 0.525458 0.421074 0.793556
529 30.4516 5.75299 0.526506 0.421828 0.795922
530 29.6459 5.26906 0.527554 0.422573 0.798285
531 29.0244 3.63568 0.528602 0.423313 0.800645
532 28.6277 5.61294 0.52965 0.424046 0.803004
533 28.5072 6.98372 0.530697 0.424774 0.805361
534 27.8829 7.07376 0.531745 0.425497 0.807718
535 27.4481 5.50194 0.532793 0.426216 0.810074
536 26.8735 6.62535 0.53384 0.426932 0.81243
537 26.3162 9.30533 0.534888 0.427646 0.814787
538 25.8741 6.74807 0.535935 0.428358 0.817146
539 25.9235 10.5119 0.536983 0.42907 0.819507
540 26.0655 5.75387 0.53803 0.429781 0.821871
541 26.0654 4.34196 0.539078 0.430492 0.824238
542 25.3152 6.57373 0.540125 0.431205 0.826609
543 24.1299 6.46876 0.541172 0.43192 0.828986
544 22.8229 7.28025 0.54222 0.432638 0.831368
545 21.7426 4.7671 0.543267 0.43336 0.833756
546 21.5324 4.84677 0.544314 0.434086 0.836151
547 21.5654 4.33814 0.545361 0.434817 0.838555
548 21.6135 5.66544 0.546408 0.435554 0.840966
549 21.2 5.54172 0.547455 0.436298 0.843387
550 19.6616 5.82386 0.548502 0.437049 0.845818
551 19.1766 3.86633 0.549549 0.437808 0.848261
552 19.3902 2.80675 0.550596 0.438576 0.850715
553 19.7348 3.18258 0.551642 0.439353 0.853181
554 19.3846 -1.27057 0.552689 0.44014 0.85566
555 17.7752 -5.38269 0.553736 0.440939 0.858154
556 15.7379 -3.80224 0.554782 0.441748 0.860662
557 16.1516 -1.66584 0.555829 0.44257 0.863185
558 15.892 1.39597 0.556876 0.443404 0.865725
559 16.3185 4.09004 0.557922 0.444252 0.868281
560 16.1509 5.6604 0.558968 0.445113 0.870855
561 16.1398 7.17203 0.560015 0.445989 0.873447
562 15.5871 3.44861 0.561061 0.446879 0.876057
563 14.4199 1.19484 0.562107 0.447785 0.878687
564 14.1002 0.574391 0.563154 0.448705 0.881337
565 13.8069 2.36295 0.5642 0.449642 0.884006
566 13.2185 2.54524 0.565246 0.450594 0.886697
567 12.4276 0.737528 0.566292 0.451562 0.889408
568 13.1387 3.11981 0.567338 0.452547 0.89214
569 13.847 5.11392 0.568384 0.453548 0.894894
570 12.1023 4.28772 0.56943 0.454565 0.897669
571 12.3404 6.50455 0.570476 0.455599 0.900466
572 12.1764 5.41762 0.571521 0.456649 0.903284
573 10.986 1.97332 0.572567 0.457714 0.906124
574 11.987 6.65527 0.573613 0.458796 0.908985
575 11.4612 3.33466 0.574659 0.459892 0.911867
576 10.7074 6.10331 0.575704 0.461004 0.914771
577 11.2372 9.2216 0.57675 0.46213 0.917694
578 12.574 11.581 0.577795 0.46327 0.920638
579 12.093 8.9057 0.578841 0.464424 0.923601
580 10.2176 5.27036 0.579886 0.465591 0.926583
581 9.69195 6.56927 0.580931 0.466771 0.929584
582 9.60403 4.47276 0.581977 0.467963 0.932602
583 7.579 0.00530775 0.583022 0.469165 0.935637
584 7.23344 3.74171 0.584067 0.470379 0.93869
585 9.55362 5.96729 0.585112 0.471602 0.941758
586 8.47012 5.4938 0.586157 0.472836 0.944841
587 6.71893 1.77823 0.587202 0.474078 0.947939
588 4.83176 -1.85029 0.588247 0.475328 0.951051
589 5.13061 -1.10828 0.589292 0.476586 0.954176
590 6.48565 2.72369 0.590337 0.477852 0.957314
591 6.14432 6.41028 0.591382 0.479124 0.960465
592 5.05219 3.5198 0.592426 0.480403 0.963627
593 3.89909 2.28245 0.593471 0.481687 0.9668
594 4.85985 3.36958 0.594516 0.482977 0.969984
595 5.3655 5.51706 0.59556 0.484272 0.973178
596 4.91475 4.33166 0.596605 0.485572 0.976382
597 3.90461 1.93611 0.597649 0.486876 0.979595
598 2.35362 -1.35988 0.598694 0.488184 0.982818
599 1.09495 -4.52849 0.599738 0.489497 0.986049
600 2.39098 -1.60073 0.600782 0.490812 0.989289
601 2.71475 -3.54226 0.601827 0.492132 0.992537
602 2.70612 -0.758359 0.602871 0.493454 0.995794
603 3.70354 -0.138915 0.603915 0.493041 0.994616
604 3.18027 -2.07348 0.604959 0.494343 0.997818
605 1.79476 -2.69674 0.606003 0.495643 1.00102
606 0.310851 -1.03418 0.607047 0.496945 1.00423
607 -0.0829735 -4.42405 0.608091 0.498251 1.00745
608 0.443769 -1.83119 0.609135 0.499559 1.01067
609 0.795337 -4.79665 0.610179 0.5028 1.01881
610 0.664003 -5.59072 0.611223 0.504146 1.02212
611 1.05568 -4.26499 0.612266 0.505495 1.02545
612 1.27388 0.0912757 0.61331 0.506847 1.02878
613 0.161814 0.979911 0.614354 0.508201 1.03212
614 -0.951938 -3.79331 0.615397 0.50956 1.03546
615 -0.457449 -0.537263 0.616441 0.510921 1.03882
616 0.739839 -3.34447 0.617484 0.512285 1.04218
617 0.965711 -5.18077 0.618527 0.513653 1.04555
618 1.77805 1.40915 0.619571 0.515024 1.04893
619 2.19415 0.225715 0.620614 0.516399 1.05231
620 0.619125 -2.40881 0.621657 0.517778 1.05571
621 1.01886 0.206094 0.6227 0.51916 1.05911
622 0.652156 -4.78921 0.623744 0.520547 1.06252
623 -0.310909 -8.98609 0.624787 0.521937 1.06594
624 -0.829967 -10.3544 0.62583 0.523332 1.06937
625 -0.364968 -5.93249 0.626873 0.524732 1.07281
626 -0.21727 -4.49546 0.627915 0.526136 1.07626
627 -0.0377563 -3.00838 0.628958 0.527545 1.07971
628 -0.154148 -0.82804 0.630001 0.528958 1.08318
629 -1.55585 -0.823272 0.631044 0.530377 1.08666
630 -0.494641 -1.31556 0.632086 0.531801 1.09014
631 -0.00778928 0.0717473 0.633129 0.53323 1.09364
632 -0.103771 0.61262 0.634172 0.534665 1.09715
633 0.878875 0.970267 0.635214 0.536106 1.10066
634 1.80681 0.596072 0.636256 0.537552 1.10419
635 1.8157 -0.00843288 0.637299 0.539004 1.10773
636 1.1049 2.60498 0.638341 0.540463 1.11128
637 0.43671 -0.812203 0.639383 0.541927 1.11484
638 0.88878 2.35844 0.640426 0.543398 1.11841
639 0.676227 -0.0509385 0.641468 0.544876 1.122
640 0.804474 -2.29693 0.64251 0.54636 1.1256
641 -0.0929053 -2.26057 0.643552 0.547851 1.1292
642 0.592037 0.0610166 0.644594 0.549349 1.13283
643 -0.370876 0.548349 0.645636 0.550854 1.13646
644 1.60267 0.917297 0.646678 0.552367 1.1401
645 1.89255 1.11758 0.647719 0.553886 1.14376
646 2.39321 2.86783 0.648761 0.555413 1.14743
647 2.38748 3.13697 0.649803 0.556947 1.15112
648 2.78308 3.20966 0.650845 0.558488 1.15481
649 2.02371 3.2299 0.651886 0.560037 1.15852
650 1.50105 6.52645 0.652928 0.561595 1.16225
651 1.71727 3.6304 0.653969 0.563159 1.16599
652 1.64295 1.85889 0.65501 0.564732 1.16974
653 1.24125 0.994865 0.656052 0.566312 1.1735
654 1.70965 -0.185685 0.657093 0.567899 1.17728
655 2.19684 6.58787 0.658134 0.569495 1.18107
656 2.9437 5.53356 0.659175 0.571098 1.18487
657 2.1096 -1.31391 0.660217 0.57271 1.18869
658 1.28503 -1.02199 0.661258 0.574329 1.19252
659 1.42099 2.28901 0.662299 0.575956 1.19637
660 0.381601 2.00019 0.66334 0.577863 1.20085
661 0.730683 0.652805 0.66438 0.579503 1.20472
662 -0.0707437 -5.27044 0.665421 0.581152 1.2086
663 0.55681 -0.801846 0.666462 0.582809 1.21249
664 1.09846 0.81325 0.667503 0.584473 1.2164
665 1.56403 -1.12058 0.668543 0.586145 1.22032
666 0.971722 0.482883 0.669584 0.587565 1.22367
667 0.293358 -0.797393 0.670624 0.589255 1.22762
668 0.525349 -1.10653 0.671665 0.590953 1.23159
669 1.14536 -0.0812889 0.672705 0.592658 1.23557
670 0.714777 -0.441819 0.673746 0.594369 1.23957
671 1.72055 1.8292 0.674786 0.596089 1.24357
672 3.09864 3.5769 0.675826 0.597815 1.2476
673 2.58148 1.68745 0.676866 0.599549 1.25163
674 0.940277 -3.62104 0.677906 0.601291 1.25567
675 0.534131 -1.05834 0.678946 0.603039 1.25973
676 1.29599 3.49997 0.679986 0.604794 1.2638
677 0.142891 -0.389585 0.681026 0.606557 1.26789
678 1.00477 0.55891 0.682066 0.608326 1.27198
679 -0.136657 -0.487778 0.683106 0.610102 1.27609
680 1.25448 1.69678 0.684146 0.61188 1.28021
681 2.31178 1.5447 0.685185 0.613675 1.28435
682 1.12025 -0.674975 0.686225 0.614918 1.28747
683 0.541119 -5.33195 0.687265 0.617275 1.29265
684 0.559712 -1.41943 0.688304 0.619085 1.29682
685 0.731195 2.71361 0.689344 0.620902 1.301
686 -0.573616 -0.45213 0.690383 0.622725 1.3052
687 -1.00604 -6.94133 0.691422 0.624554 1.30941
688 -0.308066 -3.42215 0.692462 0.62639 1.31362
689 0.221391 0.206804 0.693501 0.628232 1.31785
690 1.07612 6.5173 0.69454 0.630081 1.32209
691 1.66968 6.31238 0.695579 0.63195 1.32636
692 2.53566 8.04065 0.696618 0.633811 1.33062
693 2.13989 7.62793 0.697657 0.635678 1.3349
694 1.84468 7.93743 0.698696 0.637551 1.33918
695 1.12773 3.97001 0.699735 0.63943 1.34348
696 0.91952 -0.142927 0.700773 0.641316 1.34779
697 -0.603738 -5.12445 0.701812 0.643208 1.35211
698 0.873842 1.17425 0.702851 0.645106 1.35644
699 1.92883 3.18146 0.703889 0.64701 1.36079
700 1.18184 1.38937 0.704928 0.648921 1.36514
701 1.03167 4.57594 0.705966 0.650837 1.36951
702 1.16409 2.18208 0.707005 0.652761 1.37389
703 0.583891 0.185229 0.708043 0.65469 1.37828
704 0.355899 1.79373 0.709081 0.656626 1.38268
705 1.63605 2.13727 0.71012 0.658568 1.38709
706 1.25887 -1.13497 0.711158 0.660516 1.39152
707 0.410605 -0.264923 0.712196 0.66247 1.39595
708 0.528603 -3.04993 0.713234 0.664431 1.4004
709 0.423497 -3.04382 0.714272 0.666399 1.40486
710 0.0438098 -4.45648 0.71531 0.668372 1.40933
711 0.764425 -4.38743 0.716348 0.670352 1.41381
712 0.752862 -3.3633 0.717385 0.672339 1.4183
713 -0.147663 -2.12677 0.718423 0.674303 1.42276
714 1.74049 3.28154 0.719461 0.676331 1.42733
715 0.116109 -0.64288 0.720498 0.678322 1.43182
716 -1.37238 -1.85211 0.721536 0.680335 1.43636
717 -1.56212 -0.903998 0.722573 0.682354 1.44092
718 0.358934 1.20242 0.723611 0.684407 1.44554
719 1.14481 3.67201 0.724648 0.68644 1.45011
720 1.26582 3.57596 0.725685 0.68848 1.4547
721 0.733705 4.81647 0.726723 0.690526 1.45931
722 -0.207152 -0.0717549 0.72776 0.692579 1.46392
723 -0.90226 -2.61237 0.728797 0.694616 1.4685
724 -1.46219 -3.97299 0.729834 0.696683 1.47314
725 -0.411869 -1.46271 0.730871 0.698757 1.47779
726 0.191783 1.34841 0.731908 0.700837 1.48245
727 -0.409509 -4.84727 0.732945 0.702924 1.48712
728 -1.6884 -8.0575 0.733981 0.705018 1.49181
729 -0.659517 -2.32919 0.735018 0.707119 1.49651
730 -1.13323 -0.386244 0.736055 0.709226 1.50122
731 -1.0888 -2.04061 0.737091 0.711341 1.50594
732 0.586367 1.6021 0.738128 0.713462 1.51067
733 0.940965 -1.02732 0.739164 0.71559 1.51542
734 1.27538 4.87852 0.740201 0.717743 1.52021
735 1.13209 5.78547 0.741237 0.719884 1.52498
736 0.7548 2.23273 0.742273 0.722032 1.52977
737 -0.499769 -0.952993 0.743309 0.724187 1.53456
738 -0.930554 -2.6277 0.744346 0.726342 1.53936
739 0.0272788 -4.83685 0.745382 0.728511 1.54418
740 -0.743943 -5.22255 0.746418 0.730688 1.54901
741 -1.11359 -5.14725 0.747454 0.732871 1.55385
742 -0.00248181 -2.10086 0.748489 0.735061 1.55871
743 1.9089 1.44374 0.749525 0.737258 1.56358
744 1.1961 -0.982936 0.750561 0.739462 1.56846
745 1.71664 0.169464 0.751597 0.741673 1.57335
746 1.05686 2.81584 0.752632 0.743891 1.57826
747 1.51204 3.15222 0.753668 0.746117 1.58318
748 1.73925 3.10928 0.754703 0.748345 1.5881
749 0.23509 0.749799 0.755739 0.750584 1.59304
750 0.564806 -2.61622 0.756774 0.752831 1.598
751 1.9737 1.85171 0.757809 0.755084 1.60297
752 1.89926 2.56791 0.758844 0.757344 1.60794
753 -0.108904 1.04012 0.75988 0.759612 1.61294
754 -1.99369 -1.9728 0.760915 0.761886 1.61794
755 -0.126592 0.132897 0.76195 0.764167 1.62296
756 1.35705 3.67783 0.762985 0.766456 1.62799
757 1.75918 2.96333 0.76402 0.768751 1.63303
758 0.614766 0.496275 0.765054 0.771054 1.63808
759 0.513901 -1.71288 0.766089 0.773353 1.64313
760 -0.499419 -5.16082 0.767124 0.775668 1.6482
761 2.27117 -1.93263 0.768158 0.777992 1.65329
762 2.59016 4.05654 0.769193 0.780323 1.6584
763 1.08548 2.7099 0.770228 0.782661 1.66351
764 1.32701 3.3222 0.771262 0.785006 1.66864
765 0.888272 3.6599 0.772296 0.787341 1.67375
766 2.66213 4.3634 0.773331 0.789701 1.6789
767 1.78048 -0.0207264 0.774365 0.792067 1.68406
768 1.14784 -1.65625 0.775399 0.794412 1.68918
769 1.13887 1.50455 0.776433 0.796793 1.69437
770 -0.0306206 -1.33671 0.777467 0.798971 1.69915
771 0.45018 -2.45888 0.778501 0.801371 1.70437
772 2.26308 3.97606 0.779535 0.803935 1.70993
773 3.03931 4.01413 0.780569 0.806153 1.71479
774 0.417048 -5.03753 0.781602 0.808474 1.71985
775 0.784337 -2.92257 0.782636 0.810593 1.72452
776 2.12377 2.81699 0.78367 0.812646 1.72914
777 3.7809 7.85449 0.784703 0.813763 1.73233
778 3.99424 6.45019 0.785737 0.817523 1.74245
779 2.95971 2.60858 0.78677 0.846029 1.78754
780 3.49844 4.9093 0.787804 1.35884 2.83149
781 7.25631e+07 -1.15532 0.788837 9.57481e+07 0.402473
782 -1.95539e+08 1.2042 0.78987 1.33516e+08 0.39543
783 -1.0842e+09 0.059982 0.790903 2.97047e+08 0.390711
784 -9.9457e+09 -0.0975315 0.791936 2.28511e+09 0.525045
785 -6.00405e+10 -1.70221 0.792969 1.45968e+10 0.525652
786 1.69187e+10 -3.26438 0.794002 3.91408e+09 0.524743
787 7.81444e+09 -5.11583 0.795035 1.85692e+09 0.524845
788 2.89227e+09 -4.18871 0.796068 1.27463e+09 0.524875
789 -1.82068e+07 -0.623679 0.797101 2.39317e+08 0.388682
790 -2.1486e+08 1.88073 0.798133 1.99828e+08 0.388323
791 -4.62346e+07 4.50736 0.799166 1.20618e+08 0.393449
792 5.98708e+07 5.01793 0.800198 1.08501e+08 0.393227
793 -2.86963e+06 5.65116 0.801231 1.02931e+08 0.393331
794 -1.09113e+07 -0.31043 0.802263 9.62117e+07 0.393118
795 1.42178e+07 -3.98636 0.803296 9.07246e+07 0.398979
796 4.11867e+07 -3.5037 0.804328 8.67571e+07 0.398699
797 -4.41886e+07 -0.622832 0.80536 8.36362e+07 0.398424
798 1.31124e+07 -1.83189 0.806392 8.11654e+07 0.398155
799 -3.14608e+07 -3.57497 0.807424 7.92054e+07 0.397893
800 -1.41951e+08 0.696354 0.808456 7.76544e+07 0.397638
801 -7.23262e+07 -4.08251 0.809488 7.64364e+07 0.397391
802 8.84923e+07 -2.88252 0.81052 7.54935e+07 0.397153
803 -7.1703e+06 -1.82004 0.811552 7.47808e+07 0.396924
804 -1.06769e+08 -1.5589 0.812583 7.42633e+07 0.396705
805 -1.87963e+07 -1.80378 0.813615 7.3913e+07 0.396496
806 2.38593e+07 0.277809 0.814646 7.37075e+07 0.396297
807 -2.03802e+07 0.823416 0.815678 7.36288e+07 0.396108
808 -1.07554e+08 -1.59691 0.816709 7.36621e+07 0.39593
809 -1.61695e+08 -4.37323 0.817741 7.37954e+07 0.395763
810 -4.50483e+07 -4.81338 0.818772 7.4019e+07 0.395606
811 1.04971e+08 -1.82553 0.819803 7.43247e+07 0.395461
812 0.41319 -1.54455 0.820834 0.905441 1.92821
813 2.05932 0.126208 0.821865 0.908137 1.93395
814 2.09776 -1.9258 0.822896 0.910839 1.93969
815 1.78862 -2.82911 0.823927 0.913549 1.94544
816 1.65512 -3.71987 0.824958 0.916266 1.95121
817 0.413958 -1.05768 0.825989 0.91899 1.95699
818 -2.06472 -8.62781 0.82702 0.922077 1.96354
819 -2.21306 -7.55031 0.82805 0.924811 1.96933
820 -0.573235 -2.98775 0.829081 0.927552 1.97514
821 -0.665894 -1.96473 0.830111 0.9303 1.98095
822 -1.97796 -4.3569 0.831142 0.933055 1.98678
823 -0.91526 -4.54152 0.832172 0.935818 1.99262
824 1.11117 2.61219 0.833202 0.938588 1.99848
825 2.00004 1.52292 0.834233 0.941365 2.00434
826 2.81581 3.31915 0.835263 0.944149 2.01022
827 3.69 3.2159 0.836293 0.946941 2.01611
828 2.87015 4.95434 0.837323 0.94974 2.02202
829 4.52481 8.44646 0.838353 0.952546 2.02793
830 2.62557 6.02323 0.839383 0.955359 2.03386
831 0.112763 0.326593 0.840412 0.95818 2.03979
832 -2.28033 -4.65143 0.841442 0.961008 2.04575
833 -1.91349 -4.68283 0.842472 0.963843 2.05171
834 -0.562384 0.296904 0.843501 0.966686 2.05768
835 0.0602664 -0.510138 0.844531 0.969536 2.06367
836 -0.773843 -3.23322 0.84556 0.972393 2.06967
837 -0.384683 -2.41393 0.84659 0.975257 2.07568
838 0.757807 -0.244109 0.847619 0.978129 2.0817
839 0.983482 3.93633 0.848648 0.981008 2.08774
840 1.16624 2.5327 0.849677 0.983895 2.09379
841 1.89002 2.30881 0.850706 0.986788 2.09985
842 2.08995 0.578851 0.851735 0.989689 2.10592
843 -0.0588925 -1.27558 0.852764 0.992598 2.112
844 -2.89645 -4.64258 0.853793 0.995513 2.1181
845 -1.51147 -0.817238 0.854822 0.998436 2.12421
846 -0.172878 -1.08022 0.855851 1.00137 2.13033
847 0.169601 -0.411881 0.856879 1.0043 2.13646
848 0.838323 -0.684341 0.857908 1.00725 2.1426
849 0.0814076 0.44465 0.858936 1.0102 2.14876
850 -1.62537 -3.39359 0.859965 1.01316 2.15493
851 -0.0543154 -1.88592 0.860993 1.01613 2.16111
852 0.796838 1.56363 0.862021 1.0191 2.1673
853 -2.19948 -4.75487 0.86305 1.02209 2.17351
854 -3.2214 -6.79438 0.864078 1.02507 2.17972
855 -0.804971 -4.40673 0.865106 1.02807 2.18595
856 1.92328 1.2449 0.866134 1.03108 2.19219
857 0.965887 1.80307 0.867162 1.03409 2.19845
858 -2.14134 -6.13183 0.868189 1.03711 2.20471
859 -1.50291 -9.7718 0.869217 1.04013 2.21099
860 0.496169 -3.29034 0.870245 1.04317 2.21728
861 0.445449 -2.04609 0.871272 1.04621 2.22358
862 -0.255946 -2.1459 0.8723 1.04926 2.22989
863 0.0783236 -2.10045 0.873327 1.05231 2.23622
864 -3.61113 -6.20073 0.874355 1.05538 2.24256
865 -4.19771 -6.13466 0.875382 1.05845 2.24891
866 -4.49624 -9.03944 0.876409 1.06152 2.25527
867 -2.47444 -4.93083 0.877436 1.06461 2.26164
868 -0.984082 -5.55515 0.878464 1.0677 2.26803
869 0.461489 2.79812 0.879491 1.0708 2.27443
870 -1.79572 -6.37961 0.880517 1.07391 2.28084
871 -2.10438 -7.47319 0.881544 1.07703 2.28726
872 -3.05682 -9.97574 0.882571 1.08015 2.29369
873 -3.41672 -7.20696 0.883598 1.08328 2.30014
874 -1.97254 -6.55292 0.884624 1.08642 2.3066
875 -1.27774 -7.07273 0.885651 1.08956 2.31307
876 -2.29483 -5.93083 0.886677 1.09272 2.31955
877 -4.71429 -9.95776 0.887704 1.09588 2.32604
878 -5.92889 -13.747 0.88873 1.09905 2.33255
879 -4.32281 -9.16434 0.889756 1.1022 2.33902
880 -2.20297 -7.58123 0.890783 1.10538 2.34555
881 -0.147585 -2.12986 0.891809 1.10857 2.3521
882 1.98421 1.25638 0.892835 1.11177 2.35865
883 -0.480459 0.560647 0.893861 1.11498 2.36522
884 -0.84587 -0.0990147 0.894887 1.11819 2.3718
885 2.63705 1.6674 0.895912 1.12141 2.37839
886 0.32468 -0.317668 0.896938 1.12464 2.385
887 -2.64041 -9.06351 0.897964 1.12788 2.39161
888 -3.83928 -9.93963 0.898989 1.13112 2.39824
889 -1.80104 -1.88966 0.900015 1.13439 2.40491
890 -1.61991 0.0229572 0.90104 1.13765 2.41156
891 -2.38649 -5.4349 0.902066 1.14091 2.41823
892 0.241444 -2.90138 0.903091 1.14419 2.4249
893 1.55109 1.42936 0.904116 1.14747 2.43159
894 1.57232 0.561485 0.905141 1.15074 2.43826
895 1.58514 1.08654 0.906166 1.15404 2.44497
896 0.92284 1.49279 0.907191 1.15734 2.45169
897 0.101916 0.324415 0.908216 1.16065 2.45843
898 0.728534 -0.954332 0.909241 1.16397 2.46518
899 0.274283 -3.80949 0.910266 1.1673 2.47194
900 -0.379307 -2.84923 0.91129 1.17063 2.47871
901 -3.2731 -7.04141 0.912315 1.17397 2.48549
902 -1.06577 -4.05421 0.913339 1.17732 2.49229
903 0.207258 0.737666 0.914364 1.18068 2.49909
904 -1.31022 -2.54921 0.915388 1.18404 2.50591
905 -1.62357 -7.2314 0.916412 1.18742 2.51275
906 -2.58189 -7.57518 0.917437 1.1908 2.51959
907 -4.21957 -6.79471 0.918461 1.19413 2.52636
908 1.603 3.65655 0.919485 1.19753 2.53323
909 2.96979 8.0301 0.920509 1.20093 2.54011
910 2.22872 3.34206 0.921533 1.20439 2.54708
911 -0.0468598 0.74252 0.922556 1.20781 2.55399
912 1.4114 0.270965 0.92358 1.21124 2.5609
913 -1.90935 -7.78506 0.924604 1.21467 2.56783
914 -4.89056 -16.0441 0.925627 1.21811 2.57477
915 -3.07971 -10.4301 0.926651 1.22156 2.58172
916 0.865743 1.66738 0.927674 1.22502 2.58869
917 3.27054 7.60055 0.928698 1.22849 2.59567
918 1.56569 3.81026 0.929721 1.23196 2.60266
919 0.969149 2.38982 0.930744 1.23544 2.60966
920 1.25396 1.31998 0.931767 1.23892 2.61667
921 -0.325447 1.2663 0.93279 1.24242 2.62369
922 -0.628306 4.09927 0.933813 1.24592 2.63073
923 -0.230536 5.55331 0.934836 1.24943 2.63778
924 -1.90355 -0.726853 0.935859 1.25295 2.64484
925 -3.09351 -5.94563 0.936882 1.25647 2.65191
926 -5.09697 -9.61999 0.937904 1.26 2.65898
927 -4.17404 -7.14523 0.938927 1.26354 2.66608
928 -3.69541 -5.58892 0.939949 1.26709 2.67318
929 -1.49743 0.234139 0.940972 1.27065 2.6803
930 0.896275 0.535726 0.941994 1.27421 2.68743
931 2.57084 4.04463 0.943016 1.27778 2.69457
932 2.50094 4.80705 0.944038 1.28136 2.70173
933 0.581605 6.09376 0.94506 1.28495 2.70889
934 0.518586 5.49015 0.946082 1.28854 2.71607
935 2.44194 9.71312 0.947104 1.29215 2.72326
936 -0.0504747 3.35854 0.948126 1.29576 2.73047
937 -0.00413445 -1.17134 0.949148 1.29937 2.73767
938 -2.54415 -6.15277 0.95017 1.303 2.7449
939 -2.71361 -8.81567 0.951191 1.30663 2.75214
940 -0.702384 -5.70679 0.952213 1.31028 2.75939
941 2.63433 1.69569 0.953234 1.31392 2.76665
942 2.77546 1.18246 0.954256 1.31757 2.7739
943 4.22615 10.446 0.955277 1.32123 2.78118
944 1.29498 4.18026 0.956298 1.32491 2.78848
945 1.11201 5.8168 0.957319 1.32858 2.79579
946 4.48773 13.785 0.95834 1.33225 2.80307
947 4.12121 16.2953 0.959361 1.33595 2.8104
948 3.70106 10.826 0.960382 1.33951 2.8175
949 1.39151 3.91024 0.961403 1.34333 2.82506
950 -0.315914 -1.65126 0.962424 1.34703 2.8325
