240 492.898 -53.7402 0.221919 2.83821 1.00617
241 503.343 12.427 0.22298 2.86961 1.01181
242 502.949 11.1654 0.224042 2.88557 1.01612
243 488.731 9.54638 0.225103 2.89851 1.02029
244 460.52 6.06141 0.226164 2.89446 1.02287
245 440.06 2.73366 0.227225 2.90104 1.02669
246 421.845 0.413457 0.228287 2.90465 1.03036
247 392.767 -1.21269 0.229348 2.90526 1.03387
248 356.739 -9.48127 0.230409 2.90292 1.03721
249 327.577 -15.7666 0.231469 2.89764 1.04037
250 309.416 -16.358 0.23253 2.88947 1.04336
251 295.376 -6.22558 0.233591 2.87847 1.04616
252 279.488 0.631821 0.234652 2.86475 1.04877
253 261.588 -0.602595 0.235712 2.84829 1.0512
254 248.766 2.3635 0.236773 2.82919 1.05344
255 233.607 1.14146 0.237834 2.80754 1.05549
256 211.352 -4.70201 0.238894 2.78345 1.05733
257 193.232 -2.87439 0.239954 2.75701 1.05898
258 180.599 -6.332 0.241015 2.72831 1.06043
259 169.434 -9.76267 0.242075 2.69745 1.06167
260 157.372 -7.36059 0.243135 2.66454 1.06272
261 143.278 -5.65973 0.244196 2.62968 1.06356
262 128.939 -10.6084 0.245256 2.59298 1.06419
263 113.698 -10.1502 0.246316 2.55456 1.06462
264 107.618 -10.153 0.247376 2.51452 1.06484
265 99.9035 -13.5588 0.248436 2.47299 1.06486
266 85.9087 -15.7958 0.249496 2.43007 1.06469
267 73.803 -18.7658 0.250555 2.38588 1.06431
268 65.713 -17.0044 0.251615 2.34956 1.06503
269 59.2798 -15.0537 0.252675 2.30296 1.06424
270 55.0339 -12.9048 0.253735 2.24685 1.06197
271 49.0067 -16.9734 0.254794 2.19873 1.06079
272 42.8582 -16.1691 0.255854 2.1499 1.05942
273 37.5355 -15.1034 0.256913 2.10049 1.05787
274 31.933 -15.0518 0.257973 2.05059 1.05613
275 27.5322 -8.8753 0.259032 2.00031 1.0542
276 22.2548 -13.0592 0.260092 1.94977 1.05209
277 18.6966 -15.1848 0.261151 1.89906 1.04981
278 17.1989 -12.7705 0.26221 1.84829 1.04736
279 13.7001 -15.9675 0.26327 1.79755 1.04474
280 9.86908 -19.7443 0.264329 1.7475 1.04206
281 8.16845 -24.4964 0.265388 1.6966 1.03904
282 1.07957 -27.8592 0.266447 1.64659 1.03597
283 -1.85892 -29.0909 0.267506 1.59701 1.03276
284 -3.9796 -35.4691 0.268565 1.54807 1.02947
285 -4.94674 -42.6261 0.269624 1.49964 1.02602
286 -7.35568 -37.1159 0.270683 1.45194 1.02246
287 -9.41581 -43.9825 0.271741 1.4051 1.01882
288 -10.355 -41.3197 0.2728 1.3592 1.0151
289 -8.45091 -46.7141 0.273859 1.31432 1.01131
290 -5.0478 -46.3728 0.274918 1.27066 1.00752
291 -3.25454 -42.3389 0.275976 1.22828 1.00373
292 -3.97545 -48.7802 0.277035 1.18731 0.999971
293 -2.31358 -47.9156 0.278093 1.1479 0.996284
294 2.41575 -56.4419 0.279152 1.11017 0.992715
295 8.83467 -63.3877 0.28021 1.07546 0.989983
296 17.2988 -59.4668 0.281269 1.04037 0.986133
297 24.8662 -57.2057 0.282327 1.00868 0.983241
298 33.0371 -61.7386 0.283385 0.979395 0.980694
299 40.3344 -63.7412 0.284443 0.952796 0.978556
300 48.9854 -57.0026 0.285502 0.929171 0.976873
301 58.9406 -50.4946 0.28656 0.908884 0.975733
302 68.5385 -55.9496 0.287618 0.892148 0.975099
303 76.0068 -54.2711 0.288676 0.879234 0.975026
304 83.7797 -55.6227 0.289734 0.870286 0.975528
305 88.542 -54.934 0.290792 0.865327 0.97662
306 92.8284 -50.2734 0.29185 0.864251 0.978311
307 96.8857 -51.3115 0.292908 0.866831 0.980608
308 95.5717 -46.7263 0.293965 0.872742 0.983512
309 95.4149 -49.9567 0.295023 0.881575 0.98699
310 97.3121 -57.6288 0.296081 0.892961 0.991066
311 100.937 -55.5271 0.297139 0.906452 0.995674
312 103.379 -49.1878 0.298196 0.921662 1.00077
313 104.489 -47.006 0.299254 0.938908 1.00673
314 105.044 -48.4937 0.300311 0.955899 1.01217
315 109.043 -49.4149 0.301369 0.974361 1.01835
316 112.182 -54.8984 0.302426 0.993402 1.02478
317 119.781 -52.6332 0.303484 1.01284 1.03141
318 126.848 -52.3526 0.304541 1.03245 1.03817
319 129.824 -46.3784 0.305598 1.05209 1.04501
320 131.77 -53.3409 0.306656 1.07157 1.05187
321 135.73 -45.8689 0.307713 1.09085 1.05879
322 140.088 -54.3213 0.30877 1.10978 1.06569
323 146.018 -48.54 0.309827 1.12824 1.07257
324 153.448 -36.229 0.310884 1.14613 1.07937
325 156.708 -35.8257 0.311941 1.16342 1.08611
326 158.949 -38.1793 0.312998 1.18001 1.09276
327 162.181 -40.2436 0.314055 1.19584 1.09929
328 164.697 -41.3922 0.315112 1.21088 1.10571
329 166.169 -46.4435 0.316169 1.22507 1.112
330 170.973 -42.3428 0.317226 1.23838 1.11814
331 176.583 -42.7872 0.318283 1.25078 1.12413
332 180.135 -42.3866 0.319339 1.26225 1.12997
333 184.646 -36.5223 0.320396 1.27277 1.13564
334 186.524 -32.6292 0.321453 1.28232 1.14114
335 189.416 -35.1187 0.322509 1.2909 1.14646
336 189.226 -40.2137 0.323566 1.29849 1.1516
337 189.642 -34.4996 0.324622 1.3051 1.15655
338 192.727 -31.6 0.325679 1.31073 1.16131
339 193.624 -38.6305 0.326735 1.31537 1.16587
340 194.815 -40.1815 0.327792 1.31905 1.17024
341 199.582 -37.8193 0.328848 1.32175 1.17439
342 200.216 -41.2739 0.329904 1.32349 1.17835
343 197.491 -44.2197 0.330961 1.3243 1.1821
344 192.955 -45.9153 0.332017 1.32417 1.18565
345 191.938 -40.2641 0.333073 1.32314 1.18899
346 192.432 -40.2158 0.334129 1.32121 1.19212
347 192.787 -38.5815 0.335185 1.3184 1.19503
348 193.718 -35.3309 0.336241 1.31476 1.19774
349 193.29 -29.2194 0.337297 1.31029 1.20024
350 192.337 -30.9649 0.338353 1.305 1.20252
351 192.982 -30.1686 0.339409 1.29894 1.20459
352 189.56 -31.4584 0.340465 1.29212 1.20645
353 184.614 -28.386 0.341521 1.28457 1.20809
354 182.806 -35.5228 0.342577 1.27633 1.20952
355 182.035 -28.0212 0.343632 1.26739 1.21073
356 178.493 -24.1193 0.344688 1.25783 1.21175
357 175.798 -26.6845 0.345744 1.24765 1.21256
358 173.531 -30.1911 0.346799 1.23688 1.21315
359 171.186 -28.689 0.347855 1.22555 1.21354
360 169.794 -30.2769 0.348911 1.21369 1.21372
361 167.703 -33.3234 0.349966 1.20133 1.21371
362 163.43 -34.4422 0.351021 1.1885 1.21349
363 161.599 -32.2085 0.352077 1.17524 1.21308
364 158.888 -29.4623 0.353132 1.16157 1.21247
365 157.95 -31.4975 0.354188 1.14752 1.21167
366 154.732 -39.5131 0.355243 1.13313 1.21068
367 150.283 -40.039 0.356298 1.11843 1.20951
368 148.872 -36.8286 0.357353 1.10345 1.20815
369 147.04 -29.0391 0.358408 1.08822 1.20663
370 143.556 -27.812 0.359464 1.07278 1.20493
371 139.025 -39.0077 0.360519 1.05716 1.20307
372 135.515 -37.3727 0.361574 1.04139 1.20105
373 134.28 -31.2673 0.362629 1.02552 1.19888
374 132.166 -37.0655 0.363684 1.00957 1.19658
375 128.483 -41.1624 0.364738 0.99359 1.19414
376 128.207 -31.1717 0.365793 0.977619 1.19158
377 128.418 -31.6799 0.366848 0.961701 1.18892
378 121.795 -33.4135 0.367903 0.945883 1.18616
379 117.128 -35.8108 0.368958 0.930215 1.18334
380 118.456 -30.1736 0.370012 0.914752 1.18047
381 116.169 -26.5471 0.371067 0.899554 1.17757
382 112.935 -25.7705 0.372121 0.884814 1.17474
383 110.179 -30.5891 0.373176 0.870233 1.17181
384 112.312 -26.7001 0.374231 0.856246 1.16902
385 112.678 -27.5491 0.375285 0.842827 1.16635
386 110.448 -30.2757 0.376339 0.830067 1.16384
387 108 -33.9338 0.377394 0.818066 1.16155
388 110.106 -30.4492 0.378448 0.806923 1.15953
389 110.669 -29.733 0.379502 0.796744 1.15784
390 107.783 -25.6588 0.380557 0.78763 1.15654
391 106.958 -24.1893 0.381611 0.779682 1.15569
392 106.61 -23.637 0.382665 0.77299 1.15535
393 107.222 -17.4656 0.383719 0.767629 1.15557
394 106.384 -15.8058 0.384773 0.763661 1.15639
395 104.704 -9.33125 0.385827 0.761125 1.15784
396 102.245 -11.1681 0.386881 0.760035 1.15996
397 98.3328 -9.91277 0.387935 0.760383 1.16274
398 96.3854 -5.40457 0.388989 0.762136 1.1662
399 92.5343 -10.14 0.390043 0.765233 1.17032
400 88.2653 -4.12129 0.391097 0.769625 1.1751
401 83.7774 -1.78382 0.392151 0.775154 1.18044
402 82.3087 0.149166 0.393205 0.781738 1.18634
403 81.064 3.89952 0.394258 0.789254 1.19273
404 77.6294 -0.620313 0.395312 0.797573 1.19956
405 71.5161 -5.66368 0.396366 0.806565 1.20678
406 67.126 -3.92637 0.397419 0.816106 1.21432
407 62.3427 -3.26483 0.398473 0.826075 1.22212
408 60.4856 0.402937 0.399526 0.836356 1.23013
409 59.4494 -1.15234 0.40058 0.846835 1.23829
410 56.1548 -2.81919 0.401633 0.857435 1.24656
411 50.4697 -3.18591 0.402686 0.868066 1.2549
412 46.9165 0.172312 0.40374 0.878653 1.26326
413 44.9742 -5.99096 0.404793 0.889132 1.27162
414 42.3297 -12.9066 0.405846 0.899447 1.27994
415 39.744 -15.7861 0.406899 0.90955 1.28821
416 36.8784 -11.8541 0.407952 0.919402 1.29639
417 34.7792 -8.68846 0.409006 0.928967 1.30447
418 33.855 -8.59571 0.410059 0.938218 1.31244
419 29.7538 -9.14856 0.411112 0.947131 1.32029
420 25.7069 -13.4257 0.412165 0.955686 1.32799
421 22.0332 -13.1769 0.413218 0.963865 1.33555
422 21.7754 -7.34807 0.41427 0.971658 1.34296
423 23.7854 -6.3751 0.415323 0.979055 1.3502
424 22.3128 -15.6541 0.416376 0.986047 1.35728
425 21.1241 -11.0302 0.417429 0.992628 1.36418
426 16.2471 -12.1293 0.418482 0.998795 1.37092
427 12.7286 -2.73323 0.419534 1.00455 1.37747
428 11.657 -4.70844 0.420587 1.00988 1.38385
429 10.9999 -3.39981 0.421639 1.0148 1.39004
430 9.455 -7.76478 0.422692 1.0193 1.39605
431 8.78083 -15.4477 0.423744 1.02339 1.40187
432 8.70743 -14.6514 0.424797 1.02708 1.40751
433 5.97502 -15.551 0.425849 1.03037 1.41296
434 5.55372 -22.7994 0.426902 1.03325 1.41823
435 4.8351 -16.2881 0.427954 1.03574 1.42331
436 5.8779 -17.0117 0.429006 1.03784 1.4282
437 6.64259 -28.5936 0.430058 1.03956 1.43291
438 4.89041 -32.2471 0.431111 1.04091 1.43743
439 4.02174 -41.9201 0.432163 1.04189 1.44177
440 3.29756 -35.9564 0.433215 1.04252 1.44593
441 2.73063 -32.3941 0.434267 1.04281 1.44991
442 0.892258 -29.5075 0.435319 1.04275 1.45371
443 0.55307 -29.6824 0.436371 1.04237 1.45733
444 0.898071 -35.8654 0.437423 1.04167 1.46078
445 3.01327 -33.6517 0.438475 1.04066 1.46405
446 2.53008 -32.8559 0.439527 1.03936 1.46715
447 3.70576 -28.7853 0.440578 1.03776 1.47008
448 3.25502 -30.7642 0.44163 1.03589 1.47285
449 2.84078 -32.7728 0.442682 1.03376 1.47545
450 3.54923 -28.5136 0.443733 1.03137 1.47789
451 3.43599 -31.9542 0.444785 1.02874 1.48018
452 4.79042 -33.3627 0.445837 1.02588 1.48231
453 6.99134 -36.1203 0.446888 1.02281 1.48429
454 9.95396 -37.6927 0.44794 1.01952 1.48613
455 13.3509 -36.9406 0.448991 1.01605 1.48782
456 17.3239 -37.0035 0.450042 1.0124 1.48941
457 18.0488 -36.9832 0.451094 1.00858 1.49084
458 18.8265 -34.8764 0.452145 1.0046 1.49213
459 18.8013 -37.6504 0.453196 1.00049 1.49331
460 18.5192 -43.5294 0.454248 0.996253 1.49437
461 20.4859 -36.2737 0.455299 0.991905 1.49532
462 20.6074 -39.335 0.45635 0.987463 1.49618
463 20.9402 -40.8652 0.457401 0.982943 1.49694
464 21.7081 -37.6811 0.458452 0.978363 1.49761
465 22.0841 -41.8229 0.459503 0.973738 1.49821
466 24.4451 -44.8144 0.460554 0.969089 1.49875
467 28.2843 -36.1438 0.461605 0.964435 1.49924
468 29.0053 -35.6913 0.462656 0.959797 1.49969
469 27.7373 -43.7792 0.463706 0.955197 1.50012
470 31.6109 -46.0505 0.464757 0.950659 1.50054
471 33.5679 -43.358 0.465808 0.943464 1.49797
472 33.4373 -41.7532 0.466859 0.93911 1.49841
473 34.6261 -40.5427 0.467909 0.934898 1.49889
474 37.4438 -32.8411 0.46896 0.930857 1.49945
475 41.1809 -38.7152 0.47001 0.927021 1.50011
476 43.4873 -40.8579 0.471061 0.923422 1.50089
477 46.0755 -40.2599 0.472111 0.920094 1.50183
478 45.9688 -50.8497 0.473162 0.917073 1.50296
479 46.5226 -53.6878 0.474212 0.914394 1.50431
480 48.8121 -49.8483 0.475262 0.912091 1.50591
481 50.6416 -51.4256 0.476313 0.913173 1.51112
482 53.3758 -49.0784 0.477363 0.911757 1.51336
483 54.7706 -43.4256 0.478413 0.910815 1.51594
484 57.217 -43.4472 0.479463 0.91037 1.51889
485 61.5621 -32.8938 0.480513 0.910442 1.52222
486 66.5616 -29.1723 0.481563 0.911045 1.52597
487 67.2964 -31.9431 0.482613 0.912186 1.53014
488 69.133 -39.0987 0.483663 0.913866 1.53474
489 72.441 -37.8956 0.484713 0.916077 1.53976
490 77.0053 -35.9335 0.485763 0.918808 1.54522
491 80.0327 -36.4951 0.486812 0.922037 1.55108
492 81.3219 -31.2521 0.487862 0.925738 1.55734
493 83.6067 -33.7662 0.488912 0.929882 1.56397
494 84.3667 -33.1372 0.489962 0.934431 1.57096
495 83.2136 -33.0646 0.491011 0.939347 1.57827
496 85.2458 -20.7379 0.492061 0.944588 1.58586
497 86.4317 -24.2169 0.49311 0.950113 1.59371
498 90.2239 -26.2841 0.49416 0.955878 1.60179
499 93.0806 -20.3407 0.495209 0.961841 1.61006
500 93.3356 -19.5029 0.496258 0.967961 1.61848
501 94.9638 -18.3058 0.497308 0.974201 1.62703
502 98.5724 -4.70547 0.498357 0.980523 1.63567
503 103.826 -0.787432 0.499406 0.986894 1.64439
504 104.667 0.334133 0.500455 0.993284 1.65315
505 101.773 -5.59255 0.501505 0.999664 1.66193
506 100.149 -17.9083 0.502554 1.00601 1.67071
507 101.795 -13.8952 0.503603 1.0123 1.67947
508 102.477 -12.6081 0.504652 1.01852 1.6882
509 101.436 -9.12297 0.505701 1.02465 1.69688
510 102.083 -6.2223 0.50675 1.03067 1.70551
511 105.399 6.83719 0.507798 1.03658 1.71406
512 106.547 10.9641 0.508847 1.04236 1.72253
513 107.516 15.43 0.509896 1.04801 1.73092
514 107.38 14.5293 0.510945 1.05351 1.73922
515 107.086 11.9579 0.511993 1.05886 1.74741
516 106.889 6.80942 0.513042 1.06406 1.75551
517 105.233 5.06025 0.51409 1.06911 1.7635
518 102.556 2.9313 0.515139 1.074 1.77138
519 102.066 4.44915 0.516187 1.07873 1.77915
520 103.292 14.7004 0.517236 1.0833 1.78681
521 104.253 19.6028 0.518284 1.08771 1.79436
522 103.587 17.6168 0.519332 1.09195 1.80179
523 99.8148 14.9741 0.520381 1.09604 1.8091
524 98.7335 20.85 0.521429 1.09997 1.8163
525 101.631 20.3074 0.522477 1.10375 1.82339
526 100.18 19.4997 0.523525 1.10737 1.83037
527 98.5843 20.3879 0.524573 1.11086 1.83726
528 96.9391 25.2751 0.525621 1.11418 1.84401
529 93.8949 16.7522 0.526669 1.11735 1.85064
530 92.402 14.1739 0.527717 1.12038 1.85717
531 92.198 15.5971 0.528765 1.12327 1.8636
532 90.0994 14.9456 0.529813 1.12602 1.86991
533 85.1761 1.95998 0.530861 1.12865 1.87613
534 83.4545 7.77349 0.531908 1.13114 1.88225
535 85.3651 15.7523 0.532956 1.13352 1.88827
536 83.9536 9.58721 0.534004 1.13577 1.89419
537 81.9256 14.9611 0.535051 1.13792 1.90002
538 80.0023 13.1775 0.536099 1.13995 1.90577
539 79.0374 19.1965 0.537146 1.14188 1.91143
540 78.9498 26.8366 0.538194 1.14372 1.917
541 76.3569 19.134 0.539241 1.14546 1.9225
542 74.3261 14.2681 0.540288 1.14711 1.92792
543 74.38 17.4014 0.541336 1.14868 1.93327
544 74.6032 18.6098 0.542383 1.15018 1.93856
545 71.188 18.1612 0.54343 1.1516 1.94378
546 70.7999 25.8884 0.544477 1.15296 1.94894
547 70.4829 23.9656 0.545524 1.15427 1.95404
548 69.6104 17.9757 0.546571 1.15552 1.9591
549 63.6421 18.7843 0.547618 1.1567 1.96409
550 57.4612 8.47132 0.548665 1.15786 1.96906
551 57.9549 7.52062 0.549712 1.159 1.974
552 60.4587 9.23569 0.550759 1.1601 1.97892
553 60.4798 12.898 0.551806 1.16119 1.98381
554 60.6228 15.4255 0.552852 1.16227 1.98868
555 56.7606 10.8716 0.553899 1.16335 1.99355
556 53.352 9.43168 0.554946 1.16443 1.99842
557 51.1593 3.67175 0.555992 1.16553 2.00329
558 50.3284 10.1726 0.557039 1.16664 2.00818
559 50.0537 12.6726 0.558085 1.16429 2.00542
560 49.7151 16.3708 0.559132 1.16542 2.01025
561 47.5663 14.6027 0.560178 1.16659 2.01511
562 47.4449 11.6947 0.561224 1.16782 2.02003
563 46.9059 11.7661 0.562271 1.16911 2.025
564 45.8779 16.3217 0.563317 1.17048 2.03003
565 43.5351 16.1857 0.564363 1.17192 2.03514
566 43.0209 19.0103 0.565409 1.17346 2.04033
567 39.5478 11.225 0.566455 1.17902 2.05422
568 35.7475 7.12686 0.567501 1.18082 2.05974
569 35.8777 8.50413 0.568547 1.18273 2.06538
570 34.5758 16.9677 0.569593 1.18478 2.07114
571 34.9077 13.8275 0.570639 1.18696 2.07705
572 32.0449 8.69139 0.571685 1.18928 2.08309
573 29.7361 2.44589 0.57273 1.19175 2.08929
574 30.0654 4.18626 0.573776 1.19437 2.09566
575 30.3133 6.29387 0.574822 1.19715 2.10219
576 27.2691 2.88917 0.575867 1.2001 2.10889
577 26.9874 3.48144 0.576913 1.20321 2.11578
578 27.6502 11.376 0.577958 1.20648 2.12284
579 26.8764 2.679 0.579004 1.20992 2.13009
580 24.3154 -2.30155 0.580049 1.21353 2.13751
581 22.1715 -2.0575 0.581094 1.21729 2.14512
582 21.354 8.03997 0.58214 1.22122 2.15291
583 22.1067 8.00067 0.583185 1.2253 2.16087
584 20.4148 7.97386 0.58423 1.22952 2.16899
585 19.1662 5.63431 0.585275 1.23388 2.17728
586 22.2626 6.59511 0.58632 1.23837 2.18572
587 23.011 7.79277 0.587365 1.24298 2.1943
588 20.4301 7.02795 0.58841 1.24771 2.20301
589 15.2298 -1.84852 0.589455 1.25253 2.21185
590 16.7925 2.89922 0.5905 1.25744 2.2208
591 15.8324 -2.79232 0.591545 1.26244 2.22984
592 17.0132 4.16067 0.592589 1.26751 2.23898
593 17.3353 12.8747 0.593634 1.27263 2.2482
594 15.3279 10.624 0.594679 1.27781 2.25749
595 13.9948 5.96235 0.595723 1.28303 2.26684
596 13.504 1.27143 0.596768 1.28828 2.27623
597 11.741 -5.42349 0.597812 1.29356 2.28567
598 10.1824 -1.55822 0.598857 1.29885 2.29514
599 11.226 1.59864 0.599901 1.30415 2.30463
600 7.57137 -4.2427 0.600945 1.30945 2.31413
601 5.75499 -3.011 0.60199 1.31475 2.32365
602 7.6986 -5.47057 0.603034 1.32004 2.33317
603 7.04627 0.44165 0.604078 1.32532 2.34269
604 4.92911 -0.645075 0.605122 1.33058 2.35221
605 2.31421 -4.69885 0.606166 1.33581 2.36171
606 0.88811 -6.41106 0.60721 1.34103 2.3712
607 4.10703 -6.50937 0.608254 1.34621 2.38067
608 8.84634 0.231511 0.609298 1.35138 2.39013
609 7.35343 -6.18971 0.610342 1.3565 2.39955
610 3.53859 -2.47268 0.611385 1.36159 2.40895
611 -0.289598 -6.2125 0.612429 1.36664 2.41833
612 -0.87837 -8.00623 0.613473 1.37166 2.42768
613 0.49992 -8.15802 0.614516 1.37665 2.437
614 2.54214 -6.90783 0.61556 1.38159 2.44628
615 2.07491 -14.4265 0.616603 1.3865 2.45554
616 2.09894 -17.6145 0.617647 1.39137 2.46477
617 3.63589 -7.62819 0.61869 1.39621 2.47397
618 2.82345 -12.8401 0.619733 1.40102 2.48315
619 2.84312 -4.95446 0.620777 1.40579 2.4923
620 3.96586 -3.20441 0.62182 1.41052 2.50141
621 3.88647 0.352546 0.622863 1.41521 2.51049
622 2.19289 -2.34043 0.623906 1.41988 2.51955
623 2.8615 -6.64182 0.624949 1.42452 2.52858
624 4.03016 -1.47913 0.625992 1.4291 2.53753
625 3.90709 2.99527 0.627035 1.43368 2.54652
626 1.25067 2.36779 0.628078 1.43823 2.55548
627 -1.51902 -4.76774 0.629121 1.44337 2.56564
628 -3.12909 -15.8007 0.630164 1.44787 2.57455
629 -3.63003 -15.2156 0.631206 1.45234 2.58345
630 -4.37282 -15.5238 0.632249 1.4568 2.59233
631 -2.96535 -12.3382 0.633292 1.46124 2.6012
632 -4.57579 -14.3063 0.634334 1.46566 2.61006
633 -2.54713 -3.68336 0.635377 1.46948 2.61776
634 0.99521 -9.83279 0.636419 1.47389 2.62662
635 0.670045 -8.00681 0.637461 1.47828 2.63547
636 -0.185064 -4.46503 0.638504 1.48267 2.64432
637 1.41836 1.41364 0.639546 1.48706 2.65317
638 -1.29281 -5.60182 0.640588 1.49144 2.66202
639 -2.31554 -10.4006 0.64163 1.49582 2.67088
640 -3.51729 -11.9191 0.642672 1.5002 2.67975
641 -6.90891 -10.63 0.643714 1.50459 2.68863
642 -5.12611 -4.48447 0.644756 1.50899 2.69752
643 -2.82336 -1.55972 0.645798 1.51339 2.70642
644 -4.08654 -0.186633 0.64684 1.51781 2.71535
645 -5.16169 -6.5427 0.647882 1.52224 2.72429
646 -0.642017 -4.89717 0.648924 1.52668 2.73326
647 2.95589 -4.60742 0.649965 1.53115 2.74226
648 4.41558 -6.26643 0.651007 1.53564 2.75129
649 4.99644 0.538692 0.652048 1.54015 2.76035
650 4.67777 8.63869 0.65309 1.54468 2.76943
651 5.84282 3.55938 0.654131 1.5493 2.77865
652 6.44352 12.0498 0.655173 1.5539 2.78782
653 8.04654 17.124 0.656214 1.55853 2.79704
654 8.48128 9.27111 0.657255 1.56325 2.80641
655 3.15648 -1.02748 0.658297 1.56795 2.81572
656 2.53952 4.26338 0.659338 1.57269 2.82508
657 -0.443252 -8.66326 0.660379 1.57747 2.83449
658 -2.14503 -12.8335 0.66142 1.5823 2.84397
659 2.24328 -5.68605 0.662461 1.58717 2.8535
660 4.61159 0.929005 0.663502 1.59208 2.86309
661 7.51896 6.61397 0.664543 1.59704 2.87274
662 8.64436 13.8414 0.665584 1.60205 2.88246
663 3.77207 -3.0576 0.666624 1.60711 2.89224
664 3.13528 -11.1725 0.667665 1.61223 2.90209
665 0.00331522 -10.9423 0.668706 1.61739 2.91201
666 2.28228 -1.21603 0.669746 1.6226 2.922
667 5.45882 10.5535 0.670787 1.62787 2.93206
668 7.28891 9.22474 0.671827 1.63319 2.94219
669 8.64011 13.1513 0.672868 1.63857 2.95239
670 3.57365 3.61098 0.673908 1.64399 2.96267
671 5.96215 7.63845 0.674948 1.64947 2.97301
672 7.98106 3.91972 0.675988 1.655 2.98342
673 6.98241 3.23954 0.677028 1.66058 2.9939
674 8.29393 4.66418 0.678069 1.66622 3.00445
675 6.38793 2.56296 0.679109 1.6719 3.01507
676 4.69139 1.19075 0.680149 1.67763 3.02575
677 4.4944 0.816683 0.681189 1.6834 3.0365
678 7.40137 7.43303 0.682228 1.68922 3.04731
679 4.83127 0.993417 0.683268 1.69505 3.05812
680 2.43086 -6.41528 0.684308 1.70096 3.06905
681 4.91499 8.52589 0.685348 1.70691 3.08004
682 6.39135 10.9308 0.686387 1.7182 3.10469
683 3.0085 1.27548 0.687427 1.71891 3.10217
684 3.61137 5.17924 0.688466 1.72496 3.11331
685 4.01595 7.22165 0.689506 1.73105 3.1245
686 7.47927 5.00394 0.690545 1.73716 3.13573
687 4.71165 4.2898 0.691584 1.74331 3.147
688 -0.541305 -8.93482 0.692624 1.74948 3.15832
689 1.92598 -5.08797 0.693663 1.75568 3.16967
690 1.06735 -1.64357 0.694702 1.7619 3.18106
691 -0.862613 6.08028 0.695741 1.76814 3.19248
692 -1.74301 3.36575 0.69678 1.7744 3.20393
693 1.15695 0.977924 0.697819 1.78069 3.21541
694 2.38357 2.78573 0.698858 1.78698 3.22692
695 3.34174 5.24908 0.699897 1.7933 3.23846
696 6.5315 12.2765 0.700935 1.79963 3.25002
697 2.25528 -1.82994 0.701974 1.80598 3.26161
698 -2.08492 -11.8137 0.703013 1.81234 3.27321
699 0.186275 -7.49847 0.704051 1.81871 3.28484
700 2.88863 -3.67975 0.70509 1.82509 3.2965
701 4.3126 -0.702234 0.706128 1.83149 3.30817
702 6.38741 12.4791 0.707167 1.8379 3.31986
703 6.89557 15.6922 0.708205 1.84432 3.33157
704 2.20662 8.90559 0.709243 1.85074 3.34329
705 -4.42445 -0.608048 0.710282 1.85718 3.35504
706 -2.1547 -3.25338 0.71132 1.86363 3.3668
707 1.67904 3.87526 0.712358 1.87009 3.37858
708 3.46127 10.8578 0.713396 1.87656 3.39038
709 0.785852 4.65827 0.714434 1.88304 3.40219
710 -1.87396 -2.73803 0.715472 1.88952 3.41402
711 -0.830854 2.31697 0.716509 1.89602 3.42587
712 0.37171 -4.19254 0.717547 1.90246 3.43761
713 -1.47468 1.2157 0.718585 1.90904 3.44961
714 1.37942 4.08958 0.719623 1.91545 3.46131
715 0.981477 -2.21496 0.72066 1.92211 3.47343
716 2.66289 8.07337 0.721698 1.92847 3.48505
717 3.31301 8.61165 0.722735 1.93476 3.49652
718 2.0418 4.19778 0.723773 1.94134 3.50851
719 1.3239 -0.187072 0.72481 1.94793 3.52052
720 -0.25179 -4.13537 0.725847 1.95459 3.53264
721 2.70958 -5.59794 0.726884 1.96068 3.54379
722 3.92515 -1.3663 0.727921 1.96732 3.55587
723 -1.03293 -11.3668 0.728959 1.97397 3.56797
724 -5.79656 -15.0287 0.729996 1.98064 3.5801
725 -6.50467 -11.4493 0.731033 1.98729 3.5921
726 1.7285 -2.70732 0.732069 1.99398 3.60427
727 0.7242 -12.9739 0.733106 2.00069 3.61646
728 -1.55919 -10.233 0.734143 2.00719 3.62827
729 1.17203 -4.08099 0.73518 2.0144 3.64131
730 1.30419 -2.05324 0.736216 2.02116 3.65356
731 2.71134 7.65067 0.737253 2.02812 3.66616
732 2.18125 9.94445 0.738289 2.03491 3.67847
733 0.316117 2.81299 0.739326 2.04193 3.69118
734 -2.1166 -12.6853 0.740362 2.04868 3.7034
735 -3.45033 -14.2841 0.741399 2.05566 3.71602
736 -1.45753 0.841851 0.742435 2.06249 3.72837
737 5.60646 17.294 0.743471 2.06938 3.74082
738 5.93414 10.5899 0.744507 2.07637 3.75343
739 3.84086 9.35535 0.745543 2.08328 3.76591
740 3.09863 6.47404 0.746579 2.09028 3.77853
741 4.672 8.96852 0.747615 2.09726 3.79111
742 3.23838 15.4857 0.748651 2.10426 3.8037
743 3.78549 17.5929 0.749687 2.1113 3.81638
744 4.81981 2.0453 0.750722 2.11836 3.82906
745 7.66927 1.51326 0.751758 2.12544 3.84178
746 11.9881 11.1176 0.752794 2.13256 3.85457
747 8.33319 10.6475 0.753829 2.13969 3.86736
748 7.83986 8.6205 0.754865 2.14685 3.88019
749 5.88495 8.72119 0.7559 2.15403 3.89306
750 0.747792 1.09329 0.756935 2.16132 3.90616
751 -3.0652 -8.36103 0.757971 2.16855 3.91909
752 -1.19758 -2.89444 0.759006 2.17582 3.93208
753 3.42827 -0.831629 0.760041 2.18312 3.94511
754 4.66951 -2.0972 0.761076 2.19044 3.95817
755 3.85989 -3.25301 0.762111 2.19783 3.97134
756 -0.47592 -12.073 0.763146 2.20521 3.98449
757 -2.08843 -10.2783 0.764181 2.21262 3.99767
758 1.48649 -0.27025 0.765216 2.22005 4.01089
759 1.00911 1.17344 0.76625 2.22752 4.02416
760 -0.21944 8.17748 0.767285 2.23501 4.03746
761 -1.07323 4.71617 0.76832 2.24253 4.0508
762 -5.21751 -8.89241 0.769354 2.25008 4.06418
763 -6.66802 -11.8034 0.770389 2.25766 4.07761
764 -2.7132 -3.78376 0.771423 2.26526 4.09107
765 -1.21471 -0.927508 0.772458 2.27289 4.10457
766 -2.21015 -3.01497 0.773492 2.28055 4.11811
767 -4.79 -17.2638 0.774526 2.28824 4.13168
768 -4.07711 -16.3376 0.77556 2.29596 4.1453
769 -0.941307 -8.52146 0.776594 2.3037 4.15895
770 -2.38532 -9.32445 0.777628 2.31147 4.17265
771 -5.0989 -16.9898 0.778662 2.31927 4.18638
772 -2.37198 -10.5807 0.779696 2.32709 4.20014
773 7.21458 6.50062 0.78073 2.33494 4.21395
774 4.214 -0.376477 0.781764 2.34281 4.22779
775 1.40203 -0.56903 0.782797 2.35071 4.24166
776 7.50616 15.2444 0.783831 2.35863 4.25557
777 7.0109 8.12039 0.784864 2.36658 4.26951
778 0.681198 -6.41665 0.785898 2.37454 4.28347
779 -3.39692 -10.7996 0.786931 2.38252 4.29745
780 3.12185 -0.658601 0.787965 2.39045 4.31134
781 7.40158 5.09238 0.788998 2.39801 4.32456
782 9.81319 13.5295 0.790031 2.40395 4.33533
783 7.62421 15.0465 0.791064 2.5869 4.70266
784 -571905 5.44334 0.792097 3.83549e+08 0.845102
785 5.05636e+10 -0.401342 0.79313 3.76377e+10 1.10249
786 -7.71927e+08 -3.32023 0.794163 7.34187e+08 0.84501
787 -7.0728e+07 -1.81582 0.795196 2.67027e+08 0.860182
788 24.3949 38.5039 0.796229 4.42969 7.76248
789 9.57482 14.1735 0.797262 2.52892 4.60731
790 4.85568 7.84374 0.798294 2.30286 4.25406
791 6.77178 9.41951 0.799327 2.48444 4.48205
792 5.30322 3.45642 0.800359 2.48911 4.48799
793 3.96098 9.27779 0.801392 2.49508 4.49735
794 5.54488 7.75281 0.802424 2.50583 4.5169
795 7.00559 8.12081 0.803456 2.51422 4.53141
796 9.31369 2.56111 0.804489 2.52614 4.55406
797 11.5178 8.86121 0.805521 2.52672 4.54947
798 12.5014 13.1094 0.806553 2.53522 4.56419
799 8.6549 7.6523 0.807585 2.54374 4.57894
800 1.84254 -1.53548 0.808617 2.55228 4.59372
801 -0.408947 -13.9012 0.809649 2.56225 4.61088
802 1.1095 -12.1094 0.810681 2.57082 4.62569
803 3.78755 0.159831 0.811712 2.58155 4.64366
804 3.76656 0.884839 0.812744 2.59012 4.65847
805 8.07666 2.82535 0.813776 2.59871 4.67331
806 11.7232 10.4595 0.814807 2.60733 4.68818
807 13.2105 16.1748 0.815839 2.61597 4.70308
808 11.2285 12.9188 0.81687 2.62463 4.71801
809 5.71714 14.594 0.817902 2.63331 4.73297
810 4.63013 13.8476 0.818933 2.64201 4.74796
811 4.43091 5.88309 0.819964 2.65074 4.76299
812 9.52833 17.4218 0.820995 2.65949 4.77804
813 12.7493 27.5361 0.822026 2.66826 4.79312
814 8.91959 23.3778 0.823057 2.67706 4.80824
815 3.76177 2.48475 0.824088 2.68587 4.82339
816 3.7778 -4.47521 0.825119 2.69471 4.83856
817 -2.96278 -9.16431 0.82615 2.70358 4.85377
818 -5.67368 -5.76532 0.82718 2.71246 4.86901
819 -7.52736 -13.047 0.828211 2.72137 4.88428
820 -7.8618 -13.3467 0.829242 2.73031 4.89959
821 -8.85823 -12.0241 0.830272 2.73926 4.91492
822 -4.56623 -7.12697 0.831302 2.74824 4.93029
823 -3.74765 -6.42915 0.832333 2.75725 4.94569
824 -3.49161 -4.71686 0.833363 2.76627 4.96112
825 -3.90469 -11.2977 0.834393 2.77533 4.97658
826 -3.95616 -13.1561 0.835423 2.7844 4.99207
827 -2.50266 -12.6073 0.836453 2.7935 5.0076
828 5.53297 4.47277 0.837483 2.80262 5.02316
829 7.65658 6.64589 0.838513 2.81177 5.03875
830 3.6024 -5.60598 0.839543 2.82094 5.05438
831 -0.962217 -10.5282 0.840573 2.83014 5.07003
832 5.31207 2.66642 0.841603 2.83935 5.08572
833 8.74293 14.2772 0.842632 2.8486 5.10145
834 8.90048 7.66571 0.843662 2.85787 5.1172
835 2.64196 -4.68447 0.844691 2.86716 5.13299
836 -2.14823 -10.7824 0.845721 2.87648 5.14881
837 1.48633 -2.73441 0.84675 2.88582 5.16466
838 -3.12249 -17.2937 0.847779 2.89519 5.18055
839 -5.61226 -23.5021 0.848809 2.90458 5.19647
840 0.297245 -0.384742 0.849838 2.914 5.21243
841 3.26161 13.8459 0.850867 2.92344 5.22841
842 -0.231107 2.70057 0.851896 2.93291 5.24443
843 -3.24606 -6.43156 0.852925 2.9424 5.26049
844 -7.72825 -11.9223 0.853954 2.95192 5.27657
845 -6.17008 -1.41316 0.854982 2.96146 5.29269
846 4.91489 11.5715 0.856011 2.97091 5.30864
847 2.19533 5.672 0.85704 2.98051 5.32483
848 1.17085 4.88867 0.858068 2.99013 5.34106
849 -4.21834 -3.95397 0.859097 2.99977 5.35732
850 -4.96848 -9.12083 0.860125 3.00944 5.37361
851 -0.390445 -3.90603 0.861153 3.01914 5.38993
852 1.47295 0.706777 0.862182 3.02897 5.40647
853 -2.65646 -9.31308 0.86321 3.03871 5.42286
854 1.74493 0.36667 0.864238 3.04848 5.43929
855 0.560644 -1.29208 0.865266 3.05828 5.45574
856 -1.84996 -2.02877 0.866294 3.0681 5.47223
857 4.33175 4.25593 0.867322 3.07794 5.48875
858 3.19907 8.25613 0.86835 3.08781 5.50531
859 -3.44337 -1.30501 0.869377 3.09771 5.5219
860 -3.68691 -5.89017 0.870405 3.10763 5.53851
861 -0.202065 -4.89756 0.871433 3.11757 5.55516
862 0.681344 -6.6497 0.87246 3.12755 5.57185
863 -0.367892 -5.82144 0.873488 3.13754 5.58857
864 2.74932 -6.62706 0.874515 3.14757 5.60533
865 3.1278 4.91928 0.875542 3.15761 5.62212
866 0.180201 -0.411397 0.876569 3.16769 5.63894
867 -0.412623 -1.2659 0.877597 3.17779 5.65579
868 -2.48146 -12.3049 0.878624 3.18791 5.67268
869 -8.17822 -21.7117 0.879651 3.19806 5.6896
870 -11.8352 -28.938 0.880678 3.20823 5.70655
871 -6.58392 -15.9528 0.881704 3.21843 5.72354
872 -4.05144 -16.9381 0.882731 3.22866 5.74056
873 -5.05106 -14.7555 0.883758 3.23885 5.7575
874 1.74682 -3.60232 0.884784 3.24913 5.77459
875 5.17152 8.48383 0.885811 3.25943 5.79171
876 9.12299 12.3566 0.886837 3.26976 5.80886
877 6.95419 9.37149 0.887864 3.28011 5.82605
878 -3.46789 -12.4067 0.88889 3.29049 5.84326
879 -13.0432 -31.182 0.889916 3.30089 5.86051
880 -11.7419 -32.2364 0.890943 3.31132 5.87779
881 -1.3952 -20.3346 0.891969 3.32178 5.89512
882 0.195942 -11.7034 0.892995 3.33225 5.91247
883 -2.05984 -10.3467 0.894021 3.34276 5.92985
884 5.58427 3.36183 0.895047 3.35328 5.94726
885 15.2034 20.5355 0.896072 3.36384 5.9647
886 9.87476 17.0993 0.897098 3.37442 5.98218
887 4.87273 17.1769 0.898124 3.38502 5.99968
888 3.72517 7.24798 0.899149 3.39565 6.01722
889 3.25416 2.79417 0.900175 3.4063 6.0348
890 2.55987 -0.896953 0.9012 3.41698 6.0524
891 -1.78369 -9.89967 0.902225 3.42768 6.07004
892 -3.1149 -9.89062 0.903251 3.43841 6.08771
893 -0.915874 -8.35904 0.904276 3.44917 6.10541
894 0.0889978 -4.73857 0.905301 3.45994 6.12314
895 -1.29672 -5.05806 0.906326 3.47075 6.14091
896 0.134333 -2.9969 0.907351 3.48158 6.1587
897 1.77341 3.3866 0.908376 3.49243 6.17653
898 0.183329 -7.13551 0.909401 3.50334 6.19443
899 -2.68965 -15.4423 0.910425 3.51415 6.21219
900 -2.70673 -15.8718 0.91145 3.52509 6.23012
901 3.34809 -6.15512 0.912475 3.53613 6.24821
902 -0.851322 -7.43486 0.913499 3.54711 6.26621
903 3.72323 -2.35696 0.914524 3.55812 6.28423
904 9.70309 3.15938 0.915548 3.56915 6.30228
905 3.61193 0.221172 0.916572 3.58021 6.32037
906 -1.2737 -0.889369 0.917596 3.59129 6.33849
907 -3.12562 -11.8607 0.91862 3.6024 6.35664
908 6.04022 -1.9707 0.919644 3.61354 6.37483
909 7.55925 9.86494 0.920668 3.6247 6.39304
910 3.52367 5.17961 0.921692 3.63588 6.41129
911 4.00988 9.65213 0.922716 3.6471 6.42957
912 5.86561 14.2555 0.92374 3.65833 6.44789
913 4.01813 9.89415 0.924763 3.66959 6.46623
914 3.16401 7.24329 0.925787 3.68088 6.48461
915 -1.20184 -4.11918 0.92681 3.6922 6.50302
916 -0.747034 -2.73548 0.927834 3.70354 6.52146
917 13.1074 21.2497 0.928857 3.71489 6.53992
918 8.79039 13.3957 0.92988 3.72628 6.55843
919 -3.37495 -12.0943 0.930904 3.7377 6.57703
920 3.25135 -4.31023 0.931927 3.74914 6.5956
921 1.11449 1.73308 0.93295 3.76061 6.6142
922 -0.0267825 -2.63621 0.933973 3.7721 6.63284
923 4.24376 3.43841 0.934996 3.78363 6.65151
924 11.2446 19.7867 0.936018 3.79517 6.67021
925 7.91972 7.82449 0.937041 3.80673 6.68893
926 4.4457 1.9604 0.938064 3.81833 6.70769
927 -3.28948 -6.93931 0.939086 3.82997 6.72651
928 -8.87759 -7.04681 0.940109 3.84162 6.74534
929 -2.97554 5.51078 0.941131 3.85324 6.76413
930 6.00534 17.8027 0.942153 3.86495 6.78302
931 -0.393993 4.23395 0.943176 3.87668 6.80195
932 -4.95175 -8.3948 0.944198 3.88842 6.8209
933 7.09768 15.419 0.94522 3.9002 6.8399
934 10.835 24.8808 0.946242 3.91201 6.85892
935 1.5531 9.43242 0.947264 3.92379 6.8779
936 -2.48227 -2.28176 0.948285 3.93565 6.897
937 -7.12347 -12.1844 0.949307 3.9475 6.91605
938 -10.1294 -22.52 0.950329 3.95918 6.93485
939 -5.53028 -11.4297 0.95135 3.97112 6.95405
940 -3.43646 -3.95492 0.952372 3.98328 6.9736
941 -10.7663 -20.8836 0.953393 3.99523 6.99292
942 -6.50986 -10.5366 0.954415 4.00738 7.0126
943 -9.36326 -12.1296 0.955436 4.02076 7.03466
944 -9.66384 -11.1954 0.956457 3.98743 6.99524
945 -9.38372 -14.85 0.957478 4.06546 7.12176
946 -26.0571 -40.5426 0.958499 4.57889 7.99929
947 -2.94197e+08 -1.0914 0.95952 1.27479e+08 0.82573
948 -5.3266 -9.95014 0.960541 4.08006 7.1287
949 1.39721 9.92384 0.961562 4.09226 7.14821
950 3.2259 13.3543 0.962583 4.10448 7.16775
