240 169.883 -6.69503 0.221754 1.14867 0.457008
241 171.935 -1.76671 0.222815 1.14511 0.458113
242 167.008 2.56562 0.223876 1.14104 0.459196
243 159.607 2.92559 0.224938 1.13624 0.460235
244 152.773 0.0394311 0.225999 1.13084 0.461239
245 145.738 0.312781 0.22706 1.12483 0.462207
246 138.179 0.770702 0.228121 1.11822 0.463137
247 129.98 0.367247 0.229182 1.11104 0.464028
248 122.848 3.01818 0.230243 1.10328 0.46488
249 115.142 3.79389 0.231304 1.09496 0.465689
250 106.684 2.46909 0.232365 1.08612 0.46646
251 101.344 1.18171 0.233426 1.07674 0.467186
252 95.1563 -0.962217 0.234486 1.06685 0.467867
253 88.8259 -0.718528 0.235547 1.05648 0.468505
254 83.1135 2.41566 0.236608 1.04564 0.469097
255 79.4404 2.82933 0.237668 1.03436 0.469645
256 74.211 1.07927 0.238729 1.02266 0.470148
257 70.7414 1.66407 0.239789 1.01057 0.470605
258 65.3318 -0.194043 0.24085 0.99811 0.471016
259 57.8145 3.00908 0.24191 0.985303 0.471381
260 51.3487 3.301 0.24297 0.972176 0.471702
261 47.7402 3.04134 0.24403 0.958755 0.471976
262 44.8699 -3.28903 0.24509 0.945065 0.472206
263 38.6715 -4.46762 0.24615 0.931132 0.47239
264 36.6716 -0.155356 0.247211 0.91698 0.47253
265 34.9559 0.601298 0.24827 0.902635 0.472626
266 31.9313 -1.41502 0.24933 0.888117 0.472677
267 27.3415 -2.23059 0.25039 0.873463 0.472686
268 23.6518 -5.08661 0.25145 0.858694 0.472654
269 20.5617 -4.24853 0.25251 0.843831 0.472579
270 17.9012 -1.15492 0.25357 0.828901 0.472464
271 16.7943 -1.0636 0.254629 0.813915 0.472307
272 15.4391 -1.83173 0.255689 0.798925 0.472115
273 13.7095 -1.08408 0.256748 0.783939 0.471885
274 11.4944 -4.68673 0.257808 0.768986 0.47162
275 9.49311 -6.81544 0.258867 0.75408 0.47132
276 7.76251 -8.54995 0.259927 0.739248 0.470987
277 7.19132 -5.33383 0.260986 0.724479 0.47062
278 5.52968 -2.80734 0.262045 0.709867 0.470228
279 5.00544 0.257176 0.263104 0.695434 0.469815
280 4.2623 -3.62117 0.264164 0.681134 0.469373
281 3.90111 -3.52415 0.265223 0.667027 0.468912
282 2.23615 1.00575 0.266282 0.653131 0.468432
283 1.82038 0.307912 0.267341 0.639472 0.467938
284 1.74685 0.540379 0.2684 0.626075 0.467433
285 1.83719 -0.0688614 0.269459 0.612963 0.466924
286 2.55749 -1.55472 0.270518 0.600162 0.466413
287 3.79146 -2.61902 0.271576 0.587697 0.465908
288 2.86947 -2.83657 0.272635 0.575593 0.465413
289 1.26715 -6.95949 0.273694 0.563875 0.464937
290 0.628302 -7.66034 0.274753 0.552567 0.464488
291 1.67763 -7.75123 0.275811 0.542451 0.464446
292 2.15017 -5.98841 0.27687 0.531286 0.463705
293 3.12886 -5.01113 0.277928 0.521362 0.463392
294 5.33338 -8.58443 0.278987 0.511953 0.463145
295 7.6307 -12.6119 0.280045 0.5031 0.462975
296 8.49895 -8.31636 0.281104 0.494845 0.46289
297 10.8281 -6.434 0.282162 0.487255 0.462898
298 13.9765 -6.87534 0.28322 0.480396 0.463004
299 15.9283 -9.08928 0.284278 0.474348 0.46322
300 17.7315 -4.64477 0.285337 0.469194 0.46353
301 18.4285 -1.75596 0.286395 0.464971 0.463939
302 19.2967 -6.53366 0.287453 0.461707 0.464449
303 20.3986 -9.30874 0.288511 0.459387 0.465061
304 21.2506 -10.5111 0.289569 0.45795 0.465776
305 21.7701 -7.02749 0.290627 0.457322 0.466594
306 23.1134 -6.98679 0.291685 0.457394 0.46753
307 23.9533 -7.34623 0.292743 0.45805 0.468575
308 26.6649 -8.3612 0.293801 0.459181 0.469727
309 27.8812 -9.11363 0.294858 0.460696 0.47098
310 30.275 -8.98434 0.295916 0.462944 0.4726
311 32.8581 -6.53759 0.296974 0.464562 0.473756
312 33.8367 -5.65871 0.298031 0.466793 0.475257
313 33.9241 -4.27141 0.299089 0.469158 0.47682
314 34.3094 -7.58905 0.300146 0.471619 0.478433
315 35.4074 -8.08938 0.301204 0.47414 0.480086
316 38.4121 -7.59109 0.302261 0.476687 0.48177
317 39.2139 -5.88976 0.303319 0.479233 0.483476
318 39.9418 -6.3773 0.304376 0.48177 0.485215
319 42.1493 -5.40087 0.305434 0.484231 0.486944
320 45.4724 -5.23877 0.306491 0.486616 0.488675
321 49.0732 -9.26535 0.307548 0.488901 0.490401
322 49.0125 -6.67576 0.308605 0.491073 0.49212
323 49.9881 -7.94169 0.309662 0.493085 0.493804
324 50.1084 -6.7081 0.310719 0.494981 0.495492
325 50.7901 -9.83149 0.311777 0.496727 0.497163
326 54.0956 -8.29728 0.312834 0.498304 0.498808
327 54.6169 -6.90289 0.31389 0.499708 0.500428
328 55.1239 -8.4953 0.314947 0.500924 0.502017
329 55.4013 -11.2877 0.316004 0.501966 0.503579
330 57.2037 -10.4534 0.317061 0.50282 0.505108
331 58.7871 -8.28636 0.318118 0.503608 0.506644
332 58.6905 -6.54195 0.319175 0.503957 0.508066
333 59.7449 -6.02549 0.320231 0.504237 0.509491
334 61.3012 -4.98296 0.321288 0.504326 0.510879
335 61.9342 -8.14962 0.322345 0.504224 0.512228
336 62.7885 -6.78429 0.323401 0.503934 0.513539
337 62.98 -8.97101 0.324458 0.503456 0.51481
338 62.2827 -9.67466 0.325514 0.502794 0.516041
339 62.9441 -7.17134 0.326571 0.501951 0.517232
340 64.6755 -5.24084 0.327627 0.500931 0.518381
341 64.518 -8.53527 0.328683 0.499737 0.51949
342 65.4219 -7.40572 0.32974 0.498375 0.520557
343 65.6188 -10.0113 0.330796 0.496849 0.521583
344 64.2243 -8.73669 0.331852 0.495164 0.522567
345 64.4644 -11.338 0.332908 0.493325 0.523509
346 65.3294 -8.9575 0.333965 0.491339 0.524411
347 66.9905 -7.21138 0.335021 0.489209 0.525271
348 67.1785 -7.23415 0.336077 0.486944 0.526091
349 64.8295 -8.07372 0.337133 0.484547 0.52687
350 62.3686 -8.89129 0.338189 0.482027 0.52761
351 63.8617 -5.91509 0.339245 0.479387 0.528309
352 66.8816 -5.68021 0.3403 0.476637 0.52897
353 67.3558 -8.65654 0.341356 0.47378 0.529592
354 65.4925 -7.47222 0.342412 0.470824 0.530176
355 63.7598 -7.55021 0.343468 0.467776 0.530722
356 64.3514 -5.46262 0.344524 0.464642 0.531233
357 64.3084 -4.01627 0.345579 0.461429 0.531707
358 63.3951 -1.38934 0.346635 0.458144 0.532147
359 62.4593 0.326629 0.34769 0.454793 0.532553
360 61.3436 -5.46333 0.348746 0.451383 0.532927
361 61.5352 -10.4947 0.349801 0.447921 0.533269
362 61.5858 -8.85403 0.350857 0.444415 0.533581
363 61.1291 -10.1971 0.351912 0.440872 0.533864
364 61.7954 -6.51571 0.352968 0.437298 0.53412
365 60.8873 -5.36332 0.354023 0.433701 0.53435
366 60.7986 -7.30587 0.355078 0.430089 0.534556
367 59.244 -7.5329 0.356134 0.426468 0.534741
368 57.9153 -6.32184 0.357189 0.422848 0.534905
369 57.154 -4.69887 0.358244 0.419235 0.535052
370 56.2893 -6.28122 0.359299 0.415637 0.535184
371 55.5099 -5.90063 0.360354 0.412065 0.535303
372 55.9868 -5.38095 0.361409 0.408525 0.535414
373 55.5785 -5.3433 0.362464 0.405027 0.535518
374 54.5103 -5.96541 0.363519 0.401581 0.53562
375 54.8548 -5.12577 0.364574 0.398197 0.535723
376 55.3075 -3.60847 0.365629 0.394945 0.535862
377 54.2891 -6.86702 0.366684 0.391653 0.535952
378 52.4563 -4.79747 0.367738 0.388521 0.53609
379 52.8386 -3.60416 0.368793 0.385488 0.536247
380 52.5881 -2.54383 0.369848 0.382573 0.536431
381 53.4594 -1.66488 0.370902 0.379788 0.536649
382 54.3456 -1.99347 0.371957 0.377144 0.536907
383 53.5717 -1.93355 0.373012 0.374656 0.537213
384 52.3056 -2.82569 0.374066 0.372338 0.537574
385 52.3161 -3.81353 0.375121 0.370201 0.537998
386 52.3366 -2.92907 0.376175 0.368259 0.538491
387 52.4581 1.12326 0.377229 0.366522 0.539061
388 52.4865 -1.32221 0.378284 0.365001 0.539714
389 53.0895 4.8662 0.379338 0.363704 0.540456
390 51.8268 6.02334 0.380392 0.362637 0.541292
391 49.9558 4.61727 0.381447 0.361803 0.542226
392 48.3082 6.14084 0.382501 0.361203 0.54326
393 47.0645 3.47048 0.383555 0.360833 0.544395
394 45.4329 4.20055 0.384609 0.360688 0.545631
395 43.5192 2.72121 0.385663 0.360756 0.546966
396 42.0022 2.19895 0.386717 0.361026 0.548396
397 40.9073 4.70907 0.387771 0.361482 0.549917
398 39.2977 2.50198 0.388825 0.362107 0.551514
399 36.0081 1.24771 0.389879 0.362885 0.553199
400 35.2276 -1.11559 0.390933 0.363798 0.554957
401 34.1479 -0.942213 0.391986 0.364824 0.556777
402 32.3155 0.103877 0.39304 0.365945 0.558653
403 29.4237 -0.78912 0.394094 0.367174 0.560595
404 27.9922 2.43605 0.395148 0.368401 0.56254
405 26.6017 1.60069 0.396201 0.369706 0.564537
406 24.8361 0.611694 0.397255 0.371042 0.566561
407 23.1367 0.292989 0.398308 0.372395 0.568605
408 22.4514 0.651518 0.399362 0.373754 0.570663
409 19.7717 -0.996692 0.400415 0.375109 0.57273
410 18.567 0.52606 0.401469 0.376449 0.574801
411 19.397 -0.346967 0.402522 0.377767 0.576871
412 19.2341 0.307914 0.403575 0.379055 0.578937
413 18.0166 0.289738 0.404629 0.380307 0.580995
414 16.0984 0.00315325 0.405682 0.381518 0.583043
415 15.2299 0.716692 0.406735 0.382683 0.585077
416 13.6654 1.25572 0.407788 0.383806 0.587111
417 13.4859 1.91284 0.408841 0.384869 0.589112
418 12.5945 -0.502326 0.409894 0.385876 0.591094
419 11.4935 1.53403 0.410947 0.386826 0.593055
420 10.8159 2.74541 0.412 0.387717 0.594994
421 9.44204 3.18447 0.413053 0.388548 0.59691
422 8.7073 -1.10138 0.414106 0.389318 0.598801
423 8.25673 -2.80953 0.415159 0.390027 0.600668
424 7.31939 0.794211 0.416212 0.390674 0.60251
425 5.50851 -1.99252 0.417265 0.39126 0.604325
426 4.67321 -1.97156 0.418317 0.391785 0.606115
427 3.71309 -0.953557 0.41937 0.39225 0.607879
428 3.06583 -9.38751 0.420423 0.392654 0.609615
429 3.73249 -9.20013 0.421475 0.393001 0.611325
430 3.9684 -4.59589 0.422528 0.39329 0.613009
431 3.69897 -6.02608 0.42358 0.393523 0.614667
432 2.74081 -2.96801 0.424633 0.393701 0.616298
433 1.7245 -5.83577 0.425685 0.393826 0.617904
434 2.09109 -6.84865 0.426738 0.393899 0.619484
435 2.53873 -5.96749 0.42779 0.393923 0.621039
436 2.23009 -5.59359 0.428842 0.393898 0.622569
437 1.7228 -5.77107 0.429894 0.393826 0.624074
438 1.38932 -8.33262 0.430947 0.39371 0.625557
439 1.02017 -7.75405 0.431999 0.393552 0.627016
440 0.901714 -7.21826 0.433051 0.393354 0.628452
441 1.44264 -4.61193 0.434103 0.393116 0.629867
442 1.96074 -5.20421 0.435155 0.392843 0.631261
443 1.86613 -4.18929 0.436207 0.392536 0.632634
444 1.87462 -5.20928 0.437259 0.392197 0.633988
445 1.37718 -8.20899 0.438311 0.391829 0.635324
446 2.51125 -6.74075 0.439363 0.391433 0.636642
447 1.74569 -7.32565 0.440414 0.391012 0.637944
448 1.30258 -5.77829 0.441466 0.390569 0.63923
449 1.75284 -8.18131 0.442518 0.390106 0.640501
450 2.91715 -9.79361 0.44357 0.389625 0.64176
451 3.34827 -9.37004 0.444621 0.389129 0.643006
452 3.69661 -6.00779 0.445673 0.38862 0.644242
453 3.9041 -2.78862 0.446724 0.388102 0.645468
454 4.75292 -2.4262 0.447776 0.387575 0.646686
455 5.04017 -3.6073 0.448827 0.387044 0.647897
456 5.67452 -5.39329 0.449879 0.386511 0.649104
457 6.25346 -8.89137 0.45093 0.385978 0.650307
458 6.63601 -7.42086 0.451981 0.385448 0.651509
459 7.35189 -5.75997 0.453032 0.384924 0.652711
460 7.95958 -6.22946 0.454084 0.38441 0.653914
461 7.83087 -8.23991 0.455135 0.383906 0.655122
462 7.39353 -10.6607 0.456186 0.383418 0.656336
463 7.88778 -7.98025 0.457237 0.382947 0.657558
464 8.6259 -3.95133 0.458288 0.382497 0.65879
465 9.12884 -8.00482 0.459339 0.382071 0.660036
466 9.46239 -6.85229 0.46039 0.381671 0.661296
467 10.7977 -0.894449 0.461441 0.381302 0.662574
468 11.4646 -4.33345 0.462492 0.380965 0.663873
469 12.1142 -2.27359 0.463543 0.380665 0.665194
470 13.1912 -5.01409 0.464593 0.380404 0.666541
471 13.4302 -9.68194 0.465644 0.380185 0.667917
472 13.6748 -8.83863 0.466695 0.380012 0.669324
473 13.9653 -10.4726 0.467745 0.379886 0.670764
474 14.7747 -10.0469 0.468796 0.379811 0.672241
475 15.7829 -10.2552 0.469847 0.37979 0.673757
476 17.1136 -5.60153 0.470897 0.379828 0.67531
477 17.8385 -4.87515 0.471947 0.379918 0.67691
478 18.9471 -6.95728 0.472998 0.380068 0.678556
479 20.4986 -3.51786 0.474048 0.380276 0.680248
480 21.4825 -5.13577 0.475099 0.380546 0.681989
481 21.9982 -6.47564 0.476149 0.380876 0.683779
482 22.4822 -6.66714 0.477199 0.381266 0.685618
483 23.124 -5.77658 0.478249 0.381716 0.687508
484 24.6139 -6.04573 0.479299 0.382223 0.689446
485 25.1939 -2.75187 0.480349 0.382787 0.691433
486 26.4319 -0.664177 0.481399 0.383405 0.693467
487 27.1726 -0.838678 0.482449 0.384073 0.695546
488 27.1746 -1.37006 0.483499 0.384789 0.697669
489 26.7039 0.1728 0.484549 0.38555 0.699833
490 27.5444 0.986735 0.485599 0.386352 0.702035
491 29.2446 0.104626 0.486649 0.38719 0.704274
492 30.043 0.125685 0.487699 0.388062 0.706546
493 29.3921 -3.13716 0.488748 0.388963 0.708848
494 29.6787 -2.48663 0.489798 0.389889 0.711177
495 31.0066 -4.01775 0.490848 0.390837 0.71353
496 31.4997 -0.80051 0.491897 0.391807 0.715924
497 32.7526 0.0639323 0.492947 0.392788 0.718318
498 33.4408 -1.2437 0.493996 0.39378 0.720728
499 34.1353 -0.809123 0.495046 0.39478 0.723151
500 33.7075 -1.70154 0.496095 0.395786 0.72559
501 33.8753 -0.661156 0.497144 0.396795 0.728034
502 34.765 2.48172 0.498193 0.397804 0.730484
503 33.86 3.24554 0.499243 0.398812 0.73294
504 33.909 2.03045 0.500292 0.399817 0.735399
505 33.8572 0.593664 0.501341 0.400816 0.73786
506 33.1008 -1.51214 0.50239 0.401809 0.740322
507 31.8861 -2.31798 0.503439 0.402794 0.742784
508 32.5987 -1.22939 0.504488 0.40377 0.745244
509 32.6988 2.05137 0.505537 0.404737 0.747702
510 32.4977 2.98262 0.506586 0.405693 0.750156
511 33.2622 5.64745 0.507635 0.406638 0.752607
512 33.7364 3.7484 0.508684 0.407572 0.755054
513 32.4959 1.77098 0.509732 0.408493 0.757496
514 32.1255 2.90745 0.510781 0.409403 0.759933
515 32.4748 4.94 0.51183 0.4103 0.762364
516 33.628 7.25605 0.512878 0.409669 0.762742
517 33.881 6.40168 0.513927 0.410509 0.765117
518 33.8721 7.71025 0.514975 0.411338 0.767485
519 33.165 5.54362 0.516024 0.412154 0.769848
520 32.9609 7.39882 0.517072 0.412958 0.772203
521 32.3809 7.84724 0.518121 0.41375 0.774553
522 30.4363 2.84262 0.519169 0.414531 0.776897
523 30.0895 1.68554 0.520217 0.417043 0.781612
524 30.7973 2.21474 0.521266 0.417836 0.783994
525 30.688 5.78836 0.522314 0.418619 0.786371
526 31.2349 3.51889 0.523362 0.419392 0.788743
527 30.7058 2.76204 0.52441 0.420157 0.791112
528 30.7187 4.84886 0.525458 0.420913 0.793477
529 30.4396 5.74619 0.526506 0.421663 0.79584
530 29.6339 5.26221 0.527554 0.422404 0.798199
531 29.0125 3.62876 0.528602 0.42314 0.800556
532 28.6158 5.6059 0.52965 0.42387 0.802911
533 28.4952 6.97652 0.530697 0.424594 0.805265
534 27.871 7.06652 0.531745 0.425314 0.807619
535 27.4362 5.49464 0.532793 0.426031 0.809972
536 26.8617 6.61806 0.53384 0.426745 0.812326
537 26.3046 9.29807 0.534888 0.427457 0.814681
538 25.8625 6.74082 0.535935 0.428167 0.817038
539 25.9118 10.5046 0.536983 0.428877 0.819397
540 26.0538 5.74639 0.53803 0.429587 0.82176
541 26.0536 4.33442 0.539078 0.430297 0.824126
542 25.3038 6.56642 0.540125 0.43101 0.826497
543 24.119 6.46171 0.541172 0.431724 0.828872
544 22.8126 7.27359 0.54222 0.432442 0.831253
545 21.7327 4.76074 0.543267 0.433163 0.833641
546 21.5227 4.84048 0.544314 0.433889 0.836037
547 21.5556 4.33187 0.545361 0.434621 0.83844
548 21.6038 5.65921 0.546408 0.435359 0.840853
549 21.1905 5.53569 0.547455 0.436103 0.843275
550 19.6529 5.8183 0.548502 0.436855 0.845706
551 19.1682 3.86097 0.549549 0.437616 0.84815
552 19.3818 2.80141 0.550596 0.438385 0.850605
553 19.7264 3.17724 0.551642 0.439164 0.853073
554 19.3764 -1.27572 0.552689 0.439953 0.855554
555 17.7677 -5.3873 0.553736 0.440754 0.85805
556 15.7314 -3.80624 0.554782 0.441565 0.86056
557 16.145 -1.66985 0.555829 0.442389 0.863086
558 15.8856 1.39213 0.556876 0.443226 0.865628
559 16.312 4.0862 0.557922 0.444076 0.868187
560 16.1446 5.65671 0.558968 0.44494 0.870763
561 16.1336 7.1684 0.560015 0.445819 0.873358
562 15.5812 3.44517 0.561061 0.446711 0.875971
563 14.4145 1.1918 0.562107 0.44762 0.878604
564 14.0951 0.571559 0.563154 0.448543 0.881257
565 13.802 2.3603 0.5642 0.449482 0.88393
566 13.2139 2.54285 0.565246 0.450437 0.886623
567 12.4234 0.735406 0.566292 0.451409 0.889337
568 13.1342 3.11757 0.567338 0.452396 0.892072
569 13.8424 5.11161 0.568384 0.4534 0.894829
570 12.0983 4.28573 0.56943 0.454419 0.897607
571 12.3364 6.50266 0.570476 0.455455 0.900407
572 12.1726 5.41584 0.571521 0.456507 0.903228
573 10.9825 1.9718 0.572567 0.457575 0.906071
574 11.9834 6.65377 0.573613 0.458658 0.908934
575 11.4578 3.33335 0.574659 0.459756 0.911819
576 10.7042 6.10205 0.575704 0.46087 0.914724
577 11.2338 9.22011 0.57675 0.461997 0.917649
578 12.5703 11.5795 0.577795 0.463139 0.920594
579 12.0895 8.90434 0.578841 0.464293 0.923559
580 10.2147 5.26928 0.579886 0.465461 0.926542
581 9.68919 6.56826 0.580931 0.466641 0.929544
582 9.60126 4.4717 0.581977 0.467833 0.932562
583 7.57685 0.00451935 0.583022 0.469035 0.935598
584 7.23141 3.74101 0.584067 0.470249 0.93865
585 9.5509 5.96631 0.585112 0.471472 0.941718
586 8.46759 5.49271 0.586157 0.472704 0.944801
587 6.71693 1.77737 0.587202 0.473945 0.947898
588 4.8303 -1.85094 0.588247 0.475194 0.951009
589 5.12908 -1.10891 0.589292 0.476451 0.954134
590 6.48376 2.72297 0.590337 0.477715 0.95727
591 6.14247 6.40951 0.591382 0.478986 0.960419
592 5.05065 3.51913 0.592426 0.480263 0.963579
593 3.89789 2.28194 0.593471 0.481545 0.966751
594 4.85835 3.36895 0.594516 0.482833 0.969933
595 5.36385 5.51637 0.59556 0.484126 0.973125
596 4.91318 4.33094 0.596605 0.485424 0.976326
597 3.90334 1.9355 0.597649 0.486725 0.979538
598 2.35294 -1.36008 0.598694 0.488031 0.982758
599 1.0946 -4.52865 0.599738 0.489341 0.985986
600 2.39014 -1.6012 0.600782 0.490654 0.989224
601 2.71378 -3.54282 0.601827 0.491971 0.992469
602 2.70518 -0.75886 0.602871 0.493291 0.995723
603 3.70225 -0.139585 0.603915 0.492877 0.994544
604 3.17916 -2.07407 0.604959 0.494176 0.997743
605 1.79416 -2.69701 0.606003 0.495473 1.00094
606 0.310785 -1.03416 0.607047 0.496773 1.00415
607 -0.0828929 -4.42393 0.608091 0.498076 1.00737
608 0.44365 -1.8312 0.609135 0.499381 1.01059
609 0.791849 -4.80537 0.610179 0.500689 1.01381
610 0.663757 -5.59086 0.611223 0.503962 1.02203
611 1.05524 -4.26529 0.612266 0.505309 1.02535
612 1.27341 0.0910251 0.61331 0.506658 1.02868
613 0.161754 0.979877 0.614354 0.508011 1.03202
614 -0.951565 -3.79308 0.615397 0.509366 1.03536
615 -0.457231 -0.537082 0.616441 0.510725 1.03871
616 0.739585 -3.34457 0.617484 0.512088 1.04207
617 0.965331 -5.18099 0.618527 0.513453 1.04544
618 1.77733 1.40871 0.619571 0.514823 1.04882
619 2.19331 0.225243 0.620614 0.516195 1.0522
620 0.618879 -2.40896 0.621657 0.517572 1.05559
621 1.01844 0.205813 0.6227 0.518953 1.05899
622 0.651859 -4.78944 0.623744 0.520337 1.0624
623 -0.310817 -8.98608 0.624787 0.521726 1.06582
624 -0.829643 -10.3542 0.62583 0.52312 1.06925
625 -0.36482 -5.9324 0.626873 0.524517 1.07269
626 -0.21724 -4.49552 0.627915 0.52592 1.07613
627 -0.0377865 -3.00846 0.628958 0.527327 1.07959
628 -0.154104 -0.828037 0.630001 0.528739 1.08305
629 -1.55521 -0.822876 0.631044 0.530157 1.08653
630 -0.494422 -1.31541 0.632086 0.531579 1.09001
631 -0.00777391 0.0717729 0.633129 0.533007 1.09351
632 -0.103719 0.612664 0.634172 0.534441 1.09701
633 0.878515 0.97005 0.635214 0.53588 1.10053
634 1.80604 0.595573 0.636256 0.537325 1.10405
635 1.81494 -0.00892281 0.637299 0.538777 1.10759
636 1.10445 2.60472 0.638341 0.540234 1.11114
637 0.436561 -0.812253 0.639383 0.541698 1.1147
638 0.888445 2.35828 0.640426 0.543168 1.11827
639 0.675961 -0.0510801 0.641468 0.544645 1.12186
640 0.804153 -2.29711 0.64251 0.546128 1.12545
641 -0.0928528 -2.26052 0.643552 0.547618 1.12906
642 0.591792 0.0608679 0.644594 0.549115 1.13268
643 -0.370728 0.548431 0.645636 0.55062 1.13632
644 1.60198 0.91684 0.646678 0.552131 1.13996
645 1.89176 1.1171 0.647719 0.55365 1.14362
646 2.39222 2.86722 0.648761 0.555175 1.14729
647 2.38647 3.13634 0.649803 0.556709 1.15097
648 2.78189 3.20891 0.650845 0.55825 1.15467
649 2.02284 3.22934 0.651886 0.559798 1.15838
650 1.50039 6.52601 0.652928 0.561355 1.1621
651 1.7165 3.62987 0.653969 0.562919 1.16584
652 1.64222 1.85838 0.65501 0.56449 1.16959
653 1.2407 0.994479 0.656052 0.566069 1.17335
654 1.70889 -0.18621 0.657093 0.567656 1.17713
655 2.19591 6.58728 0.658134 0.569251 1.18092
656 2.9425 5.53286 0.659175 0.570854 1.18472
657 2.10871 -1.31445 0.660217 0.572465 1.18854
658 1.28447 -1.02235 0.661258 0.574083 1.19237
659 1.42039 2.28862 0.662299 0.575709 1.19622
660 0.38142 2.00005 0.66334 0.577615 1.2007
661 0.730356 0.652577 0.66438 0.579255 1.20456
662 -0.0707467 -5.27049 0.665421 0.580903 1.20844
663 0.55654 -0.80206 0.666462 0.582558 1.21234
664 1.09799 0.812943 0.667503 0.584222 1.21625
665 1.56338 -1.12097 0.668543 0.585892 1.22017
666 0.971313 0.482634 0.669584 0.587312 1.22351
667 0.293239 -0.797459 0.670624 0.589 1.22746
668 0.52514 -1.10664 0.671665 0.590697 1.23143
669 1.14486 -0.081617 0.672705 0.592401 1.23541
670 0.714443 -0.442066 0.673746 0.594111 1.23941
671 1.71979 1.82868 0.674786 0.595829 1.24341
672 3.09728 3.57601 0.675826 0.597555 1.24743
673 2.58036 1.68672 0.676866 0.599287 1.25146
674 0.939869 -3.6213 0.677906 0.601027 1.25551
675 0.533885 -1.05851 0.678946 0.602774 1.25957
676 1.29541 3.49958 0.679986 0.604528 1.26364
677 0.142818 -0.389646 0.681026 0.606289 1.26772
678 1.0043 0.558577 0.682066 0.608057 1.27181
679 -0.136644 -0.487833 0.683106 0.609832 1.27592
680 1.25386 1.69629 0.684146 0.611608 1.28004
681 2.31071 1.54394 0.685185 0.613401 1.28417
682 1.11974 -0.675318 0.686225 0.614643 1.2873
683 0.540891 -5.33208 0.687265 0.616998 1.29247
684 0.559457 -1.4196 0.688304 0.618806 1.29664
685 0.730843 2.71335 0.689344 0.620621 1.30082
686 -0.573377 -0.452 0.690383 0.622442 1.30502
687 -1.0056 -6.94106 0.691422 0.624269 1.30922
688 -0.307934 -3.42207 0.692462 0.626104 1.31344
689 0.221307 0.206771 0.693501 0.627944 1.31766
690 1.07564 6.51698 0.69454 0.629791 1.3219
691 1.66889 6.31181 0.695579 0.631658 1.32617
692 2.53445 8.03976 0.696618 0.633517 1.33043
693 2.13886 7.62718 0.697657 0.635382 1.3347
694 1.84379 7.93676 0.698696 0.637253 1.33899
695 1.12716 3.96957 0.699735 0.639131 1.34328
696 0.919083 -0.143238 0.700773 0.641014 1.34759
697 -0.603477 -5.1243 0.701812 0.642904 1.35191
698 0.873405 1.17391 0.702851 0.644801 1.35624
699 1.92789 3.18078 0.703889 0.646703 1.36058
700 1.18127 1.38895 0.704928 0.648612 1.36493
701 1.03119 4.57562 0.705966 0.650527 1.3693
702 1.16354 2.18169 0.707005 0.652448 1.37368
703 0.583613 0.185035 0.708043 0.654375 1.37806
704 0.355731 1.79362 0.709081 0.656309 1.38246
705 1.63526 2.13671 0.71012 0.658249 1.38687
706 1.25823 -1.13548 0.711158 0.660195 1.3913
707 0.41038 -0.265118 0.712196 0.662148 1.39573
708 0.528341 -3.05012 0.713234 0.664107 1.40018
709 0.423291 -3.04396 0.714272 0.666072 1.40463
710 0.0437999 -4.45647 0.71531 0.668044 1.4091
711 0.76407 -4.38766 0.716348 0.670022 1.41358
712 0.752507 -3.36354 0.717385 0.672007 1.41807
713 -0.147568 -2.12667 0.718423 0.673969 1.42252
714 1.73963 3.28092 0.719461 0.675995 1.42709
715 0.116051 -0.642923 0.720498 0.677985 1.43158
716 -1.37169 -1.8516 0.721536 0.679995 1.43612
717 -1.56134 -0.903428 0.722573 0.682013 1.44068
718 0.358757 1.2023 0.723611 0.684036 1.44524
719 1.14425 3.67163 0.724648 0.686095 1.44987
720 1.2652 3.57553 0.725685 0.688133 1.45446
721 0.733343 4.81621 0.726723 0.690177 1.45906
722 -0.207043 -0.0716698 0.72776 0.692228 1.46367
723 -0.901799 -2.61202 0.728797 0.694263 1.46825
724 -1.46145 -3.97244 0.729834 0.696328 1.47288
725 -0.41165 -1.46254 0.730871 0.6984 1.47753
726 0.191693 1.34835 0.731908 0.700479 1.48219
727 -0.409297 -4.84711 0.732945 0.702564 1.48686
728 -1.68754 -8.05687 0.733981 0.704656 1.49155
729 -0.659182 -2.32894 0.735018 0.706754 1.49624
730 -1.13266 -0.385832 0.736055 0.70886 1.50095
731 -1.08826 -2.04022 0.737091 0.710972 1.50567
732 0.586039 1.60182 0.738128 0.713092 1.5104
733 0.940473 -1.0277 0.739164 0.715217 1.51515
734 1.27473 4.87805 0.740201 0.717368 1.51994
735 1.1315 5.78504 0.741237 0.719508 1.52471
736 0.75441 2.23244 0.742273 0.721654 1.52949
737 -0.499514 -0.95281 0.743309 0.723807 1.53428
738 -0.930072 -2.62735 0.744346 0.72596 1.53907
739 0.0272538 -4.83688 0.745382 0.728128 1.54389
740 -0.743558 -5.22227 0.746418 0.730302 1.54872
741 -1.11301 -5.14681 0.747454 0.732483 1.55356
742 -0.00248264 -2.10086 0.748489 0.734671 1.55842
743 1.90789 1.44297 0.749525 0.736866 1.56329
744 1.19546 -0.983436 0.750561 0.739068 1.56816
745 1.71572 0.168754 0.751597 0.741278 1.57306
746 1.05629 2.81541 0.752632 0.743494 1.57796
747 1.51123 3.15161 0.753668 0.745717 1.58288
748 1.73832 3.10857 0.754703 0.747943 1.5878
749 0.234967 0.749708 0.755739 0.75018 1.59274
750 0.564491 -2.61648 0.756774 0.752425 1.59769
751 1.97262 1.85086 0.757809 0.754676 1.60266
752 1.89822 2.56708 0.758844 0.756934 1.60764
753 -0.108852 1.04015 0.75988 0.759199 1.61263
754 -1.9926 -1.97195 0.760915 0.761472 1.61763
755 -0.126519 0.132958 0.76195 0.763751 1.62264
756 1.35631 3.67725 0.762985 0.766037 1.62767
757 1.75821 2.96256 0.76402 0.76833 1.63271
758 0.614432 0.496018 0.765054 0.770631 1.63776
759 0.51363 -1.71308 0.766089 0.772928 1.6428
760 -0.499135 -5.16058 0.767124 0.775241 1.64788
761 2.26992 -1.93361 0.768158 0.777562 1.65297
762 2.58873 4.05542 0.769193 0.779892 1.65807
763 1.08487 2.70942 0.770228 0.782227 1.66318
764 1.32626 3.32159 0.771262 0.78457 1.6683
765 0.887764 3.65948 0.772296 0.786903 1.67341
766 2.66063 4.3622 0.773331 0.78926 1.67856
767 1.77947 -0.021532 0.774365 0.791624 1.68372
768 1.14719 -1.65677 0.775399 0.793967 1.68884
769 1.13823 1.50404 0.776433 0.796345 1.69403
770 -0.0305977 -1.33668 0.777467 0.798523 1.6988
771 0.449932 -2.45907 0.778501 0.800919 1.70403
772 2.2618 3.97504 0.779535 0.80348 1.70958
773 3.03758 4.01275 0.780569 0.805697 1.71443
774 0.416806 -5.03773 0.781602 0.808016 1.7195
775 0.783889 -2.92292 0.782636 0.810134 1.72417
776 2.12257 2.81604 0.78367 0.812186 1.72878
777 3.77911 7.85302 0.784703 0.814206 1.73371
778 3.99197 6.44839 0.785737 0.817058 1.74209
779 2.67682 2.12927 0.78677 0.836334 1.8004
780 5.54374 8.59454 0.787804 2.04615 4.04508
781 7.38438e+07 -1.15516 0.788837 9.73834e+07 0.402328
782 -1.98831e+08 1.20378 0.78987 1.35767e+08 0.395314
783 -1.10223e+09 0.0582799 0.790903 3.01989e+08 0.390526
784 -1.01673e+10 -0.097525 0.791936 2.33602e+09 0.525046
785 -6.13895e+10 -1.70217 0.792969 1.49247e+10 0.52566
786 1.72877e+10 -3.26439 0.794002 3.99946e+09 0.524741
787 7.98359e+09 -5.11584 0.795035 1.89711e+09 0.524844
788 2.95418e+09 -4.18872 0.796068 1.30191e+09 0.524874
789 -1.89075e+07 -0.623904 0.797101 2.42976e+08 0.38851
790 -2.17764e+08 1.88143 0.798133 2.02823e+08 0.388154
791 -4.67413e+07 4.5077 0.799166 1.22413e+08 0.393343
792 6.08482e+07 5.01795 0.800198 1.1008e+08 0.393124
793 -2.7989e+06 5.65134 0.801231 1.04417e+08 0.393229
794 -1.10625e+07 -0.310399 0.802263 9.75664e+07 0.393019
795 2.57736e+06 -4.00925 0.803296 9.23152e+07 0.392815
796 4.15135e+07 -3.50429 0.804328 8.7926e+07 0.398568
797 -4.51492e+07 -0.623458 0.80536 8.4731e+07 0.398297
798 1.30597e+07 -1.8324 0.806392 8.21966e+07 0.398032
799 -3.20053e+07 -3.57519 0.807424 8.01811e+07 0.397774
800 -1.43566e+08 0.697011 0.808456 7.85811e+07 0.397524
801 -7.29166e+07 -4.08173 0.809488 7.73193e+07 0.397282
802 8.96305e+07 -2.88247 0.81052 7.63371e+07 0.397048
803 -7.23519e+06 -1.81999 0.811552 7.55888e+07 0.396824
804 -1.08085e+08 -1.55903 0.812583 7.50388e+07 0.39661
805 -1.934e+07 -1.80453 0.813615 7.46589e+07 0.396406
806 2.38307e+07 0.277154 0.814646 7.44263e+07 0.396212
807 -2.07637e+07 0.823036 0.815678 7.43227e+07 0.396028
808 -1.08709e+08 -1.59705 0.816709 7.43332e+07 0.395855
809 -1.63204e+08 -4.37306 0.817741 7.44456e+07 0.395693
810 -4.5411e+07 -4.81324 0.818772 7.46502e+07 0.395541
811 1.05795e+08 -1.82582 0.819803 7.49387e+07 0.3954
812 0.412947 -1.54474 0.820834 0.904887 1.92776
813 2.05806 0.125159 0.821865 0.90758 1.93349
814 2.09647 -1.92688 0.822896 0.91028 1.93923
815 1.78752 -2.83004 0.823927 0.912987 1.94498
816 1.65411 -3.72071 0.824958 0.915701 1.95075
817 0.413704 -1.05789 0.825989 0.918422 1.95652
818 -2.06344 -8.62672 0.82702 0.921505 1.96307
819 -2.21169 -7.54916 0.82805 0.924236 1.96886
820 -0.572878 -2.98745 0.829081 0.926974 1.97466
821 -0.665466 -1.96435 0.830111 0.92972 1.98047
822 -1.97671 -4.35583 0.831142 0.932472 1.9863
823 -0.914678 -4.54102 0.832172 0.935232 1.99214
824 1.11048 2.61161 0.833202 0.937999 1.99799
825 1.99878 1.52185 0.834233 0.940774 2.00385
826 2.81403 3.31764 0.835263 0.943555 2.00973
827 3.68767 3.21391 0.836293 0.946344 2.01562
828 2.86833 4.95279 0.837323 0.94914 2.02152
829 4.52195 8.44404 0.838353 0.951943 2.02743
830 2.62391 6.02181 0.839383 0.954754 2.03335
831 0.112681 0.326512 0.840412 0.957572 2.03929
832 -2.27889 -4.65022 0.841442 0.960397 2.04523
833 -1.91229 -4.68184 0.842472 0.963229 2.05119
834 -0.562049 0.297158 0.843501 0.966069 2.05717
835 0.0602159 -0.510196 0.844531 0.968916 2.06315
836 -0.77334 -3.23278 0.84556 0.97177 2.06915
837 -0.38443 -2.4137 0.84659 0.974632 2.07516
838 0.757317 -0.244532 0.847619 0.977501 2.08118
839 0.982857 3.93581 0.848648 0.980377 2.08721
840 1.1655 2.5321 0.849677 0.98326 2.09325
841 1.88881 2.30779 0.850706 0.986151 2.09931
842 2.08859 0.577679 0.851735 0.989049 2.10538
843 -0.0588589 -1.27556 0.852764 0.991954 2.11146
844 -2.89455 -4.64093 0.853793 0.994867 2.11755
845 -1.51047 -0.816372 0.854822 0.997787 2.12366
846 -0.17276 -1.08011 0.855851 1.00071 2.12978
847 0.169491 -0.411975 0.856879 1.00365 2.1359
848 0.83777 -0.684823 0.857908 1.00659 2.14205
849 0.0813607 0.444618 0.858936 1.00954 2.1482
850 -1.62429 -3.39265 0.859965 1.0125 2.15436
851 -0.0542924 -1.88592 0.860993 1.01546 2.16054
852 0.796299 1.56315 0.862021 1.01843 2.16673
853 -2.19804 -4.75363 0.86305 1.02141 2.17293
854 -3.21926 -6.79251 0.864078 1.0244 2.17915
855 -0.804425 -4.40624 0.865106 1.02739 2.18537
856 1.922 1.24379 0.866134 1.03039 2.19161
857 0.965229 1.80248 0.867162 1.0334 2.19786
858 -2.13993 -6.13062 0.868189 1.03642 2.20412
859 -1.50193 -9.77097 0.869217 1.03944 2.2104
860 0.495808 -3.29069 0.870245 1.04247 2.21668
861 0.445142 -2.04637 0.871272 1.04551 2.22298
862 -0.255768 -2.14574 0.8723 1.04855 2.22929
863 0.0782734 -2.10049 0.873327 1.05161 2.23561
864 -3.60871 -6.19864 0.874355 1.05467 2.24195
865 -4.19488 -6.13218 0.875382 1.05773 2.2483
866 -4.49319 -9.03676 0.876409 1.06081 2.25465
867 -2.47277 -4.92937 0.877436 1.06389 2.26102
868 -0.983408 -5.55455 0.878464 1.06698 2.26741
869 0.461195 2.79789 0.879491 1.07008 2.2738
870 -1.79448 -6.37851 0.880517 1.07318 2.28021
871 -2.10294 -7.47193 0.881544 1.0763 2.28663
872 -3.05474 -9.97393 0.882571 1.07942 2.29306
873 -3.41439 -7.20492 0.883598 1.08254 2.2995
874 -1.97118 -6.55173 0.884624 1.08568 2.30596
875 -1.27685 -7.07193 0.885651 1.08882 2.31242
876 -2.29323 -5.9294 0.886677 1.09197 2.3189
877 -4.71107 -9.95493 0.887704 1.09513 2.32539
878 -5.92484 -13.7435 0.88873 1.09829 2.3319
879 -4.31985 -9.16174 0.889756 1.10144 2.33836
880 -2.20146 -7.57991 0.890783 1.10462 2.34489
881 -0.147493 -2.12979 0.891809 1.10781 2.35143
882 1.98283 1.25516 0.892835 1.11101 2.35799
883 -0.480132 0.560929 0.893861 1.11421 2.36455
884 -0.845297 -0.0985248 0.894887 1.11742 2.37113
885 2.63521 1.66577 0.895912 1.12064 2.37771
886 0.324461 -0.317853 0.896938 1.12386 2.38431
887 -2.63857 -9.06188 0.897964 1.12709 2.39093
888 -3.83662 -9.9373 0.898989 1.13033 2.39755
889 -1.79978 -1.88853 0.900015 1.1336 2.40422
890 -1.61875 0.0240055 0.90104 1.13685 2.41087
891 -2.3848 -5.43339 0.902066 1.14011 2.41753
892 0.241274 -2.90153 0.903091 1.14338 2.4242
893 1.54999 1.42838 0.904116 1.14666 2.43088
894 1.5712 0.56046 0.905141 1.14993 2.43755
895 1.584 1.0855 0.906166 1.15322 2.44426
896 0.922179 1.49219 0.907191 1.15653 2.45098
897 0.10184 0.324341 0.908216 1.15983 2.45771
898 0.728033 -0.954762 0.909241 1.16315 2.46445
899 0.2741 -3.80964 0.910266 1.16647 2.47121
900 -0.379054 -2.84903 0.91129 1.1698 2.47798
901 -3.27081 -7.03941 0.912315 1.17314 2.48476
902 -1.06503 -4.05357 0.913339 1.17649 2.49155
903 0.207125 0.737566 0.914364 1.17984 2.49835
904 -1.30927 -2.54834 0.915388 1.1832 2.50517
905 -1.62241 -7.23036 0.916412 1.18657 2.512
906 -2.57986 -7.5732 0.917437 1.18989 2.51875
907 -4.21659 -6.79209 0.918461 1.19328 2.52561
908 1.60182 3.65547 0.919485 1.19667 2.53247
909 2.96761 8.02804 0.920509 1.20012 2.53943
910 2.22709 3.34057 0.921533 1.20353 2.54632
911 -0.0468475 0.742506 0.922556 1.20694 2.55322
912 1.41036 0.270018 0.92358 1.21036 2.56013
913 -1.908 -7.78387 0.924604 1.21379 2.56705
914 -4.88701 -16.0409 0.925627 1.21723 2.57399
915 -3.07747 -10.4281 0.926651 1.22068 2.58094
916 0.865105 1.6668 0.927674 1.22413 2.5879
917 3.26813 7.59835 0.928698 1.22759 2.59488
918 1.56457 3.80929 0.929721 1.23106 2.60187
919 0.968466 2.38924 0.930744 1.23454 2.60886
920 1.25305 1.31918 0.931767 1.23802 2.61587
921 -0.325197 1.26654 0.93279 1.24151 2.62289
922 -0.627846 4.09968 0.933813 1.24501 2.62992
923 -0.230359 5.55348 0.934836 1.24852 2.63696
924 -1.90219 -0.725656 0.935859 1.25203 2.64402
925 -3.09126 -5.94363 0.936882 1.25555 2.65109
926 -5.09322 -9.61661 0.937904 1.25908 2.65816
927 -4.17096 -7.14244 0.938927 1.26262 2.66525
928 -3.6927 -5.58649 0.939949 1.26616 2.67235
929 -1.49633 0.235135 0.940972 1.26971 2.67947
930 0.895641 0.535186 0.941994 1.27327 2.68659
931 2.56897 4.04297 0.943016 1.27684 2.69373
932 2.49912 4.80544 0.944038 1.28041 2.70088
933 0.581211 6.09345 0.94506 1.284 2.70804
934 0.518235 5.48987 0.946082 1.28759 2.71522
935 2.44016 9.71156 0.947104 1.29119 2.7224
936 -0.0504323 3.35858 0.948126 1.2948 2.7296
937 -0.00413779 -1.17135 0.949148 1.29841 2.7368
938 -2.54228 -6.15109 0.95017 1.30203 2.74403
939 -2.7116 -8.81385 0.951191 1.30566 2.75126
940 -0.701862 -5.70633 0.952213 1.3093 2.75851
941 2.63236 1.6939 0.953234 1.31294 2.76577
942 2.77337 1.18056 0.954256 1.31658 2.77301
943 4.22298 10.4432 0.955277 1.32024 2.78029
944 1.29401 4.17938 0.956298 1.32391 2.78759
945 1.11115 5.81599 0.957319 1.32759 2.79489
946 4.48432 13.7819 0.95834 1.33125 2.80217
947 4.11809 16.2925 0.959361 1.33492 2.80946
948 3.69824 10.8234 0.960382 1.3385 2.81659
949 1.39047 3.9093 0.961403 1.34232 2.82415
950 -0.315677 -1.65104 0.962424 1.34601 2.83158
