330 1315.67 -51.1997 0.22201 5.37171 0.882012
331 1237.96 -53.5645 0.223016 5.46915 0.884265
332 1141.14 -57.447 0.224021 5.55413 0.886394
333 1060.37 -60.3294 0.225027 5.62692 0.888411
334 1000.48 -61.22 0.226033 5.68735 0.890311
335 953.882 -61.9671 0.227038 5.73543 0.892092
336 896.655 -62.7085 0.228044 5.77103 0.893749
337 834.982 -63.0432 0.229049 5.79456 0.895286
338 789.537 -62.7273 0.230054 5.80601 0.896698
339 748.228 -61.566 0.23106 5.80554 0.897983
340 718.392 -62.2294 0.232065 5.79337 0.899141
341 664.238 -64.5184 0.23307 5.76977 0.900168
342 621.613 -65.1611 0.234075 5.73503 0.901065
343 574.656 -67.6996 0.23508 5.68947 0.90183
344 541.25 -69.1266 0.236085 5.63347 0.902461
345 506.961 -69.4648 0.23709 5.56739 0.902956
346 473.885 -69.4772 0.238095 5.49167 0.903316
347 434.572 -72.3498 0.2391 5.40672 0.903538
348 400.514 -75.2745 0.240105 5.31308 0.903621
349 371.862 -74.9625 0.24111 5.2111 0.903566
350 338.385 -77.1727 0.242115 5.10134 0.903372
351 315.022 -78.3569 0.243119 4.98422 0.903035
352 296.06 -77.5521 0.244124 4.86031 0.902555
353 268.33 -77.4061 0.245128 4.73012 0.901931
354 241.748 -79.8879 0.246133 4.59419 0.901164
355 221.654 -82.0397 0.247137 4.45304 0.900252
356 206.348 -83.4136 0.248142 4.3072 0.899195
357 196.344 -84.875 0.249146 4.15721 0.89799
358 181.024 -85.521 0.25015 4.00359 0.896638
359 162.423 -85.7459 0.251155 3.84689 0.895139
360 150.868 -86.8735 0.252159 3.6876 0.893489
361 139.223 -86.9226 0.253163 3.52625 0.891688
362 126.16 -86.5096 0.254167 3.36333 0.889735
363 112.485 -87.2491 0.255171 3.19934 0.887627
364 98.8536 -89.4422 0.256175 3.03477 0.885364
365 91.7363 -90.2335 0.257179 2.8701 0.882945
366 84.6552 -90.3138 0.258183 2.70573 0.880361
367 72.9294 -93.4969 0.259187 2.54228 0.877622
368 61.2728 -94.8528 0.260191 2.37992 0.874709
369 52.7331 -95.87 0.261195 2.21917 0.871623
370 46.0081 -98.6036 0.262198 2.06039 0.868356
371 40.7112 -99.4805 0.263202 1.90394 0.864901
372 30.9049 -102.384 0.264206 1.75014 0.861246
373 25.2535 -104.8 0.265209 1.59934 0.85738
374 23.1858 -105.588 0.266213 1.45175 0.853283
375 23.8012 -106.381 0.267216 1.30754 0.84892
376 23.1253 -108.112 0.26822 1.16708 0.844279
377 20.7652 -109.285 0.269223 1.03052 0.839309
378 18.9494 -113.058 0.270227 0.898332 0.833982
379 18.1777 -118.346 0.27123 0.771215 0.828289
380 17.2294 -122.893 0.272233 0.650824 0.822254
381 15.9611 -126.535 0.273237 0.539204 0.816017
382 15.9177 -129.084 0.27424 0.439103 0.809816
383 15.4827 -134.158 0.275243 0.352621 0.803945
384 15.7841 -140.828 0.276246 0.281301 0.798684
385 15.5841 -147.49 0.277249 0.224885 0.794213
386 15.5083 -154.95 0.278252 0.181903 0.790587
387 17.9007 -159.926 0.279255 0.15022 0.787777
388 21.7505 -164.825 0.280258 0.127575 0.785681
389 27.1115 -168.09 0.281261 0.112114 0.784231
390 34.4439 -165.87 0.282264 0.102285 0.783308
391 42.5378 -158.447 0.283267 0.0971131 0.782859
392 48.256 -148.417 0.284269 0.0960291 0.78285
393 50.1362 -139.385 0.285272 0.0988536 0.783273
394 49.4429 -134.182 0.286275 0.105767 0.78415
395 47.4489 -130.86 0.287277 0.117278 0.785515
396 47.3447 -126.508 0.28828 0.134307 0.787473
397 49.4604 -123.707 0.289283 0.157988 0.790081
398 53.3109 -121.289 0.290285 0.189728 0.793445
399 58.7194 -120.978 0.291288 0.230938 0.79764
400 68.8155 -119.344 0.29229 0.282708 0.802691
401 80.1106 -118.684 0.293292 0.345468 0.808542
402 91.3562 -117.111 0.294295 0.418445 0.815014
403 104.832 -115.307 0.295297 0.500156 0.82189
404 120.171 -112.625 0.296299 0.588279 0.828903
405 133.179 -110.765 0.297302 0.680433 0.83584
406 149.055 -107.888 0.298304 0.774552 0.842549
407 163.983 -105.466 0.299306 0.869151 0.848967
408 176.012 -104.645 0.300308 0.963195 0.855072
409 186.227 -106.263 0.30131 1.05607 0.860878
410 200.276 -105.099 0.302312 1.14735 0.866406
411 210.739 -104.94 0.303314 1.23676 0.871685
412 229.886 -104.284 0.304316 1.32404 0.876736
413 248.956 -99.6419 0.305318 1.40899 0.881579
414 252.54 -99.0332 0.30632 1.49139 0.886227
415 260.02 -98.4782 0.307322 1.57104 0.890692
416 272.91 -97.683 0.308323 1.64775 0.89498
417 287.291 -93.8489 0.309325 1.72131 0.899098
418 294.87 -93.3198 0.310327 1.79157 0.903049
419 293.387 -97.5046 0.311329 1.85833 0.906835
420 301.894 -97.1245 0.31233 1.92148 0.910462
421 308.123 -94.3805 0.313332 1.98087 0.913928
422 313.185 -92.0777 0.314333 2.03637 0.917235
423 315.726 -93.005 0.315335 2.08789 0.920384
424 322.935 -93.7395 0.316336 2.13535 0.923374
425 326.822 -91.7652 0.317338 2.17866 0.926207
426 334.221 -92.7091 0.318339 2.21778 0.928883
427 337.396 -91.2814 0.31934 2.25265 0.931401
428 338.142 -91.8856 0.320342 2.28325 0.933761
429 341.644 -92.4164 0.321343 2.30964 0.93598
430 343.03 -92.5471 0.322344 2.33168 0.938023
431 347.058 -91.3391 0.323345 2.34945 0.939908
432 350.453 -93.5292 0.324347 2.36296 0.941632
433 349.578 -94.3552 0.325348 2.37227 0.943197
434 344.494 -94.1773 0.326349 2.37741 0.944602
435 341.374 -92.9003 0.32735 2.37845 0.945845
436 336.4 -92.223 0.328351 2.37544 0.946927
437 332.838 -92.7243 0.329352 2.36848 0.947846
438 329.852 -95.0416 0.330353 2.35763 0.948602
439 327.359 -96.3569 0.331353 2.343 0.949195
440 319.815 -95.9514 0.332354 2.3247 0.949624
441 315.754 -96.0739 0.333355 2.30282 0.949888
442 310.323 -96.7017 0.334356 2.27748 0.949987
443 304.787 -96.506 0.335357 2.24881 0.94992
444 297.395 -97.1512 0.336357 2.21692 0.949685
445 295.398 -96.9745 0.337358 2.18196 0.949283
446 296.079 -94.228 0.338358 2.14404 0.948713
447 291.67 -93.3121 0.339359 2.10331 0.947972
448 282.765 -94.5102 0.34036 2.05992 0.947061
449 275.482 -95.5538 0.34136 2.01399 0.945978
450 269.32 -95.0169 0.34236 1.96568 0.944722
451 261.706 -94.3554 0.343361 1.91513 0.94329
452 251.473 -94.6781 0.344361 1.86249 0.941682
453 240.095 -96.1998 0.345362 1.8079 0.939894
454 227.52 -99.0172 0.346362 1.7515 0.937925
455 217.146 -100.912 0.347362 1.69339 0.935756
456 206.777 -102.656 0.348362 1.63382 0.933416
457 198.079 -104.107 0.349363 1.57286 0.930883
458 188.741 -106.514 0.350363 1.51068 0.928155
459 179.504 -107.501 0.351363 1.44736 0.925224
460 171.753 -107.692 0.352363 1.38305 0.922083
461 164.606 -108.07 0.353363 1.31788 0.918725
462 158.096 -109.24 0.354363 1.25194 0.915138
463 151.179 -109.65 0.355363 1.18533 0.91131
464 145.056 -109.413 0.356363 1.11815 0.907224
465 138.364 -110.706 0.357363 1.05047 0.90286
466 131.953 -110.727 0.358362 0.982347 0.898193
467 123.882 -112.978 0.359362 0.913852 0.893192
468 114.243 -114.509 0.360362 0.845078 0.887827
469 105.101 -114.838 0.361362 0.776177 0.882069
470 96.5459 -115.944 0.362361 0.70742 0.8759
471 86.3868 -119.823 0.363361 0.639259 0.869328
472 78.9523 -121.04 0.364361 0.572382 0.862401
473 71.9591 -123.962 0.36536 0.507722 0.855219
474 64.7102 -126.811 0.36636 0.446393 0.847943
475 58.1964 -128.948 0.367359 0.389554 0.840778
476 50.7289 -134.056 0.368359 0.338222 0.833945
477 43.8367 -137.587 0.369358 0.293088 0.827643
478 39.5422 -138.333 0.370357 0.254436 0.82202
479 36.8144 -138.255 0.371357 0.222158 0.817159
480 34.0554 -140.449 0.372356 0.195858 0.813093
481 32.9345 -141.627 0.373355 0.17489 0.809769
482 32.7423 -142.33 0.374355 0.158678 0.807166
483 33.2067 -140.425 0.375354 0.146601 0.805218
484 34.4181 -138.512 0.376353 0.138147 0.803871
485 36.2253 -136.042 0.377352 0.132926 0.803081
486 37.6742 -131.473 0.378351 0.130673 0.802818
487 37.7465 -126.396 0.37935 0.131251 0.80307
488 36.4953 -122.503 0.380349 0.134647 0.803841
489 34.1619 -120.939 0.381348 0.140966 0.805152
490 30.7361 -122.302 0.382347 0.150422 0.80704
491 28.222 -123.723 0.383346 0.163328 0.809553
492 26.8673 -122.808 0.384345 0.18009 0.812759
493 25.8478 -122.014 0.385343 0.201086 0.816688
494 24.4412 -122.729 0.386342 0.226777 0.821418
495 23.9083 -123.713 0.387341 0.257466 0.826963
496 24.4142 -123.422 0.38834 0.293285 0.833303
497 24.8287 -121.779 0.389338 0.334106 0.840366
498 24.4545 -122.601 0.390337 0.379483 0.848025
499 23.5672 -125.158 0.391335 0.428675 0.856103
500 23.599 -124.807 0.392334 0.480707 0.864399
501 22.777 -125.396 0.393332 0.534512 0.872719
502 21.6854 -126.207 0.394331 0.589065 0.880896
503 23.5828 -126.168 0.395329 0.643474 0.888809
504 24.6533 -125.832 0.396328 0.697052 0.896383
505 23.2322 -126.511 0.397326 0.749305 0.903583
506 21.6566 -127.558 0.398324 0.799918 0.910404
507 20.8874 -128.847 0.399322 0.848699 0.916856
508 20.5104 -129.577 0.400321 0.895542 0.922962
509 21.2085 -129.152 0.401319 0.940398 0.928745
510 21.4551 -130.032 0.402317 0.983264 0.93424
511 24.8366 -131.212 0.403315 1.02409 0.939446
512 25.385 -132.616 0.404313 1.0629 0.944397
513 23.3733 -133.746 0.405311 1.09967 0.949098
514 21.9242 -136.044 0.406309 1.13306 0.953126
515 21.8606 -136.95 0.407307 1.16561 0.957335
516 21.297 -137.384 0.408305 1.19608 0.961312
517 25.0322 -137.991 0.409303 1.2263 0.965644
518 25.1797 -139.514 0.410301 1.25283 0.969262
519 25.6996 -141.233 0.411298 1.27729 0.972682
520 26.284 -143.582 0.412296 1.29968 0.975907
521 26.5505 -144.11 0.413294 1.32002 0.978941
522 26.0431 -145.606 0.414292 1.3383 0.981787
523 31.6559 -145.827 0.415289 1.35453 0.984446
524 34.3217 -144.487 0.416287 1.36872 0.986921
525 36.5542 -142.073 0.417284 1.38089 0.989213
526 41.3166 -141.237 0.418282 1.39105 0.991323
527 41.31 -143.563 0.419279 1.39922 0.993254
528 42.4634 -144.077 0.420277 1.40543 0.995005
529 43.2517 -146.109 0.421274 1.4097 0.996577
530 44.7077 -147.617 0.422272 1.41206 0.997971
531 46.6861 -148.063 0.423269 1.41254 0.999188
532 48.7157 -148.035 0.424266 1.41117 1.00023
533 51.042 -149.812 0.425263 1.40799 1.00109
534 53.7265 -150.58 0.426261 1.40303 1.00178
535 55.7613 -151.663 0.427258 1.39633 1.00229
536 57.2357 -154.328 0.428255 1.38793 1.00262
537 61.7254 -154.704 0.429252 1.37787 1.00277
538 62.023 -155.106 0.430249 1.36619 1.00275
539 64.1472 -155.971 0.431246 1.35294 1.00254
540 66.0641 -158.095 0.432243 1.33817 1.00216
541 65.8779 -159.049 0.43324 1.3219 1.0016
542 70.2983 -156.843 0.434237 1.3042 1.00085
543 80.1635 -154.974 0.435234 1.28511 0.999921
544 83.556 -155.104 0.43623 1.26467 0.998806
545 82.8715 -154.678 0.437227 1.24293 0.997503
546 82.7109 -156.725 0.438224 1.21993 0.996009
547 82.8136 -157.177 0.439221 1.19571 0.994323
548 84.4838 -158.466 0.440217 1.17033 0.992439
549 87.6194 -160.703 0.441214 1.14382 0.990354
550 92.4088 -161.178 0.44221 1.11623 0.988063
551 93.2398 -161.371 0.443207 1.08758 0.985561
552 94.2717 -161.152 0.444203 1.05791 0.982839
553 95.9046 -160.344 0.4452 1.02726 0.97989
554 97.954 -159.989 0.446196 0.995653 0.976704
555 96.7927 -161.807 0.447192 0.963111 0.97327
556 95.137 -165.139 0.448189 0.929654 0.969574
557 97.697 -165.758 0.449185 0.895297 0.965599
558 101.772 -165.434 0.450181 0.860058 0.96133
559 100.317 -167.451 0.451178 0.823958 0.956746
560 98.7672 -169 0.452174 0.787022 0.951829
561 98.2028 -170.629 0.45317 0.749318 0.946572
562 98.2189 -172.644 0.454166 0.710909 0.940944
563 98.1258 -174.241 0.455162 0.671944 0.934953
564 97.0025 -174.448 0.456158 0.632622 0.928609
565 95.08 -174.932 0.457154 0.592622 0.921649
566 92.2189 -177.846 0.45815 0.553574 0.914766
567 89.8968 -180.182 0.459146 0.515232 0.907719
568 87.826 -182.513 0.460141 0.478439 0.900822
569 86.1153 -186.296 0.461137 0.442876 0.893753
570 85.9334 -189.691 0.462133 0.409454 0.886889
571 85.5234 -192.924 0.463129 0.378577 0.880363
572 85.4026 -193.864 0.464124 0.350556 0.874295
573 86.2066 -193.274 0.46512 0.325596 0.868779
574 87.8599 -193.347 0.466116 0.303795 0.863885
575 90.529 -191.989 0.467111 0.285166 0.859655
576 92.9157 -190.771 0.468107 0.269649 0.856112
577 96.1891 -188.916 0.469102 0.257146 0.853261
578 101.45 -185.912 0.470097 0.247539 0.851097
579 108.137 -178.624 0.471093 0.240712 0.849612
580 115.01 -171.142 0.472088 0.236564 0.848796
581 120.846 -165.451 0.473083 0.235022 0.848643
582 125.15 -163.398 0.474079 0.236042 0.849152
583 128.314 -158.49 0.475074 0.239615 0.850329
584 130.631 -152.653 0.476069 0.245759 0.852183
585 131.493 -148.374 0.477064 0.254521 0.854729
586 131.962 -147.775 0.478059 0.265959 0.857983
587 133.913 -145.632 0.479054 0.280135 0.86196
588 135.158 -144.095 0.480049 0.297096 0.866666
589 136.972 -143.734 0.481044 0.316649 0.871961
590 140.597 -140.092 0.482039 0.339146 0.878077
591 144.409 -137.503 0.483034 0.364269 0.88484
592 149.129 -132.054 0.484029 0.392159 0.892387
593 155.23 -126.62 0.485024 0.421941 0.900253
594 160.615 -123.635 0.486018 0.453514 0.90849
595 165.624 -122.185 0.487013 0.486448 0.916971
596 170.157 -121.483 0.488008 0.520276 0.92557
597 175.318 -118.393 0.489002 0.554526 0.934151
598 182.09 -113.289 0.489997 0.588753 0.942603
599 187.092 -111.422 0.490991 0.622572 0.950848
600 188.288 -110.776 0.491986 0.655658 0.958816
601 190.288 -109.068 0.49298 0.68776 0.966462
602 192.109 -107.931 0.493975 0.718696 0.973763
603 193.97 -105.899 0.494969 0.748343 0.980708
604 196.171 -103.389 0.495963 0.776632 0.987301
605 196.217 -102.536 0.496958 0.803526 0.993552
606 196.075 -103.097 0.497952 0.829016 0.999475
607 197.093 -102.678 0.498946 0.853109 1.00508
608 197.759 -101.424 0.49994 0.875825 1.0104
609 195.239 -102.207 0.500934 0.897186 1.01543
610 193.491 -102.703 0.501929 0.917218 1.02019
611 193.938 -100.72 0.502923 0.935947 1.02471
612 193.93 -98.7811 0.503916 0.953399 1.02898
613 190.376 -100.329 0.50491 0.969596 1.03301
614 185.631 -102.868 0.505904 0.984561 1.03683
615 182.411 -101.486 0.506898 0.998314 1.04042
616 181.735 -98.2707 0.507892 1.01088 1.04381
617 180.013 -98.3099 0.508886 1.02227 1.04699
618 175.169 -99.7794 0.509879 1.0325 1.04998
619 171.131 -101.823 0.510873 1.0416 1.05276
620 166.225 -105.105 0.511867 1.04959 1.05536
621 163.966 -104.23 0.51286 1.05647 1.05777
622 163.786 -100.27 0.513854 1.06226 1.05999
623 160.647 -100.597 0.514847 1.067 1.06202
624 155.34 -102.953 0.515841 1.07068 1.06388
625 150.776 -101.863 0.516834 1.07375 1.06561
626 146.155 -102.089 0.517828 1.07539 1.0671
627 142.352 -103.717 0.518821 1.07604 1.06842
628 136.507 -105.825 0.519814 1.0757 1.06957
629 132.04 -105.826 0.520807 1.07441 1.07054
630 129.834 -105.334 0.521801 1.07218 1.07133
631 127.818 -105.453 0.522794 1.06902 1.07195
632 124.727 -105.025 0.523787 1.06496 1.0724
633 121.872 -105.253 0.52478 1.06001 1.07267
634 121.265 -106.247 0.525773 1.05419 1.07277
635 117.02 -106.428 0.526766 1.04753 1.07269
636 108.4 -109.558 0.527759 1.04003 1.07244
637 103.791 -110.292 0.528752 1.03172 1.07201
638 100.173 -110.274 0.529744 1.02261 1.0714
639 97.6043 -110.159 0.530737 1.01273 1.07062
640 94.7873 -111.254 0.53173 1.00208 1.06965
641 91.4936 -112.61 0.532723 0.990682 1.0685
642 89.4447 -111.33 0.533715 0.978553 1.06716
643 84.2953 -112.416 0.534708 0.965706 1.06564
644 79.1307 -114.627 0.535701 0.952155 1.06392
645 77.321 -116.108 0.536693 0.937912 1.062
646 74.6016 -116.577 0.537686 0.922987 1.05988
647 72.1366 -116.237 0.538678 0.907391 1.05755
648 69.8519 -114.66 0.53967 0.890866 1.055
649 66.5769 -114.905 0.540663 0.87397 1.05224
650 62.1134 -116.663 0.541655 0.856431 1.04925
651 60.0101 -117.018 0.542647 0.838259 1.04602
652 57.9694 -118.075 0.543639 0.819469 1.04255
653 55.3809 -119.782 0.544632 0.800079 1.03883
654 52.3653 -119.366 0.545624 0.780115 1.03485
655 50.102 -118.75 0.546616 0.759615 1.03062
656 47.7875 -120.681 0.547608 0.738628 1.02612
657 44.0121 -121.809 0.5486 0.717224 1.02138
658 40.3657 -122.715 0.549592 0.695489 1.01641
659 36.9498 -124.557 0.550584 0.673536 1.01123
660 35.2862 -125.206 0.551575 0.651499 1.00587
661 33.2743 -124.673 0.552567 0.629535 1.00037
662 30.047 -125.331 0.553559 0.607823 0.994796
663 29.9811 -124.46 0.554551 0.586559 0.989202
664 28.9901 -124.178 0.555542 0.565946 0.983661
665 26.6911 -125.033 0.556534 0.546192 0.978249
666 23.841 -127.308 0.557525 0.5275 0.973043
667 21.3954 -128.817 0.558517 0.510058 0.96812
668 20.4975 -129.82 0.559508 0.49404 0.963556
669 19.8976 -129.414 0.5605 0.479594 0.959417
670 18.9023 -129.787 0.561491 0.466846 0.955765
