330 1777.62 -47.1616 0.22201 7.38919 0.895301
331 1696.17 -49.4278 0.223016 7.63561 0.8989
332 1585.44 -53.2713 0.224021 7.87218 0.902625
333 1492.99 -56.1322 0.225027 8.08673 0.906029
334 1426.77 -56.9687 0.226033 8.28382 0.909318
335 1380.23 -57.4528 0.227038 8.46282 0.912486
336 1313.1 -58.1978 0.228044 8.62323 0.91553
337 1234.44 -58.7505 0.229049 8.76432 0.918427
338 1180.24 -58.4422 0.230054 8.8863 0.921205
339 1131.58 -57.2275 0.23106 8.98863 0.923843
340 1102.03 -57.6018 0.232065 9.07114 0.926336
341 1032.09 -59.8726 0.23307 9.13377 0.928681
342 974.735 -60.657 0.234075 9.17652 0.930872
343 907.667 -63.4759 0.23508 9.19947 0.932905
344 866.39 -64.761 0.236085 9.20281 0.934775
345 822.029 -65.0107 0.23709 9.18569 0.936448
346 779.508 -64.881 0.238095 9.15067 0.937983
347 725.46 -67.6953 0.2391 9.097 0.939343
348 675.598 -70.7362 0.240105 9.02514 0.940525
349 627.479 -70.9022 0.24111 8.93562 0.941525
350 576.15 -73.297 0.242115 8.82903 0.94234
351 545.525 -74.2877 0.243119 8.70675 0.94299
352 519.588 -73.3871 0.244124 8.56793 0.943425
353 475.602 -73.413 0.245128 8.41412 0.943666
354 432.993 -76.0625 0.246133 8.24609 0.943711
355 400.739 -78.3396 0.247137 8.06467 0.943556
356 377.708 -79.6951 0.248142 7.87071 0.943201
357 364.445 -81.0149 0.249146 7.6651 0.942643
358 338.765 -81.7928 0.25015 7.44874 0.941879
359 306.759 -82.2142 0.251155 7.22269 0.940913
360 290.354 -83.1833 0.252159 6.98763 0.939734
361 272.471 -83.1553 0.253163 6.74465 0.938346
362 251.001 -82.7481 0.254167 6.49471 0.936748
363 226.42 -83.6564 0.255171 6.23879 0.934937
364 201.938 -86.0024 0.256175 5.97782 0.932913
365 191.297 -86.6519 0.257179 5.71277 0.930675
366 178.866 -86.7494 0.258183 5.44459 0.928221
367 156.914 -90.1042 0.259187 5.17421 0.925551
368 134.626 -91.6669 0.260191 4.90263 0.922676
369 119.271 -92.7038 0.261195 4.63062 0.91957
370 108.539 -95.262 0.262198 4.35556 0.915982
371 100.309 -95.9261 0.263202 4.08589 0.912455
372 80.8729 -98.991 0.264206 3.82094 0.908924
373 68.881 -101.552 0.265209 3.55573 0.904915
374 66.3743 -102.041 0.266213 3.29415 0.900672
375 69.8566 -102.339 0.267216 3.03671 0.896167
376 69.7134 -103.733 0.26822 2.78449 0.891424
377 66.2957 -104.539 0.269223 2.53785 0.886414
378 64.2224 -107.83 0.270227 2.29728 0.881116
379 64.4314 -112.531 0.27123 2.06317 0.875495
380 64.3765 -116.391 0.272233 1.83593 0.869525
381 64.1269 -119.099 0.273237 1.61584 0.863145
382 66.6995 -120.505 0.27424 1.4033 0.856296
383 67.8358 -124.343 0.275243 1.19923 0.848933
384 71.4778 -129.12 0.276246 1.0054 0.841069
385 71.8128 -133.999 0.277249 0.824904 0.832835
386 69.5071 -140.196 0.278252 0.66191 0.824512
387 73.2747 -143.044 0.279255 0.520653 0.816511
388 77.9892 -145.767 0.280258 0.403886 0.809242
389 82.2117 -147.428 0.281261 0.311801 0.803037
390 85.9807 -144.635 0.282264 0.242111 0.797977
391 86.1757 -138.508 0.283267 0.191076 0.794025
392 78.9419 -132.187 0.284269 0.154662 0.791046
393 66.1039 -128.436 0.285272 0.129306 0.788878
394 52.6476 -128.481 0.286275 0.112232 0.787376
395 41.0936 -129.469 0.287277 0.101471 0.78643
396 33.6775 -128.53 0.28828 0.0957149 0.785946
397 29.3536 -128.574 0.289283 0.0943013 0.785914
398 26.9426 -128.701 0.290285 0.096996 0.786322
399 25.9417 -130.692 0.291288 0.103958 0.787163
400 27.478 -131.602 0.29229 0.115851 0.788502
401 30.0579 -133.048 0.293292 0.133786 0.790425
402 33.5587 -132.868 0.294295 0.159384 0.793049
403 39.3348 -131.97 0.295297 0.194791 0.796525
404 47.6931 -129.765 0.296299 0.242538 0.801002
405 57.6944 -127.174 0.297302 0.305274 0.806621
406 72.0275 -123.137 0.298304 0.385142 0.813432
407 88.8359 -119.14 0.299306 0.483221 0.821422
408 106.999 -116.169 0.300308 0.598671 0.83033
409 126.249 -115.455 0.30131 0.729028 0.839841
410 150.175 -112.055 0.302312 0.870646 0.849588
411 172.318 -109.828 0.303314 1.01972 0.859264
412 202.597 -107.457 0.304316 1.17302 0.868664
413 233.927 -101.228 0.305318 1.3282 0.877697
414 250.965 -99.0849 0.30632 1.48378 0.886346
415 270.9 -97.3584 0.307322 1.63883 0.894641
416 296.874 -95.3762 0.308323 1.79268 0.902607
417 324.158 -90.5842 0.309325 1.9447 0.910281
418 343.932 -89.2382 0.310327 2.09338 0.917477
419 353.079 -92.7098 0.311329 2.2423 0.924886
420 374.279 -91.446 0.31233 2.38684 0.931849
421 392.088 -88.0286 0.313332 2.5279 0.938588
422 408.834 -84.9951 0.314333 2.66528 0.945146
423 422.674 -85.1631 0.315335 2.79816 0.951485
424 442.232 -85.136 0.316336 2.92608 0.95761
425 456.636 -82.62 0.317338 3.04903 0.96354
426 476.271 -82.863 0.318339 3.16644 0.969264
427 490.148 -80.8097 0.31934 3.27792 0.974777
428 500.897 -80.7666 0.320342 3.38316 0.980076
429 514.591 -80.7496 0.321343 3.48185 0.985159
430 523.891 -80.5969 0.322344 3.57372 0.99002
431 536.775 -79.0665 0.323345 3.65852 0.994656
432 550.374 -80.6379 0.324347 3.73603 0.999063
433 557.935 -80.8572 0.325348 3.80607 1.00324
434 557.861 -80.3448 0.326349 3.86849 1.00717
435 559.245 -78.8957 0.32735 3.92317 1.01087
436 557.707 -78.0471 0.328351 3.97001 1.01432
437 558.409 -78.281 0.329352 4.00894 1.01751
438 561.288 -80.0519 0.330353 4.03994 1.02046
439 564.251 -80.8817 0.331353 4.06301 1.02315
440 557.695 -80.3145 0.332354 4.07814 1.02558
441 557.046 -80.0779 0.333355 4.08541 1.02774
442 552.972 -80.5381 0.334356 4.08488 1.02964
443 548.663 -80.1373 0.335357 4.07666 1.03127
444 541.072 -80.6132 0.336357 4.06087 1.03262
445 542.084 -80.131 0.337358 4.03766 1.0337
446 547.647 -76.9556 0.338358 4.0072 1.0345
447 545.47 -75.572 0.339359 3.96968 1.03503
448 534.778 -76.5402 0.34036 3.9253 1.03527
449 525.986 -77.4064 0.34136 3.8743 1.03522
450 517.915 -76.8314 0.34236 3.81691 1.03489
451 507.599 -76.0828 0.343361 3.75341 1.03428
452 493.513 -76.2 0.344361 3.68406 1.03338
453 475.58 -77.8504 0.345362 3.60913 1.03218
454 454.816 -80.9262 0.346362 3.52892 1.0307
455 438.048 -82.9352 0.347362 3.44376 1.02892
456 421.919 -84.6171 0.348362 3.35393 1.02685
457 407.982 -86.0657 0.349363 3.25977 1.02448
458 393.144 -88.3956 0.350363 3.16159 1.02182
459 377.714 -89.4269 0.351363 3.05972 1.01886
460 365.751 -89.3928 0.352363 2.95448 1.01559
461 354.301 -89.6186 0.353363 2.84621 1.01203
462 345.127 -90.305 0.354363 2.73523 1.00815
463 335.302 -90.1687 0.355363 2.62185 1.00397
464 326.184 -89.4988 0.356363 2.50641 0.999476
465 316.034 -90.328 0.357363 2.38919 0.994658
466 305.98 -89.954 0.358362 2.27064 0.989529
467 293.654 -91.5723 0.359362 2.15065 0.98403
468 277.263 -92.775 0.360362 2.02985 0.978194
469 261.123 -92.9107 0.361362 1.90836 0.971987
470 247.378 -93.3145 0.362361 1.7864 0.965387
471 229.524 -96.7268 0.363361 1.66413 0.958359
472 217.661 -97.012 0.364361 1.54169 0.950863
473 206.407 -98.8609 0.36536 1.41924 0.94285
474 193.257 -100.873 0.36636 1.29697 0.934268
475 182.049 -101.531 0.367359 1.17514 0.925059
476 165.539 -106.088 0.368359 1.05365 0.915
477 147.339 -109.922 0.369358 0.934986 0.904558
478 134.205 -110.726 0.370357 0.82002 0.893729
479 123.577 -110.688 0.371357 0.709854 0.882435
480 110.664 -113.877 0.372356 0.607163 0.871153
481 100.972 -115.933 0.373355 0.51404 0.860257
482 92.5782 -117.693 0.374355 0.432064 0.850112
483 84.6329 -117.393 0.375354 0.361998 0.841004
484 77.5056 -117.589 0.376353 0.30372 0.833098
485 70.8752 -117.897 0.377352 0.256391 0.826435
486 63.4545 -116.786 0.378351 0.218728 0.820962
487 54.5676 -115.561 0.37935 0.189298 0.816568
488 45.2404 -115.456 0.380349 0.166735 0.813132
489 36.3389 -117.264 0.381348 0.149808 0.810511
490 28.1392 -121.349 0.382347 0.137574 0.808613
491 22.3513 -124.748 0.383346 0.129282 0.807347
492 18.525 -125.383 0.384345 0.124413 0.806652
493 15.6821 -125.742 0.385343 0.122644 0.806492
494 13.2284 -127.159 0.386342 0.123832 0.806852
495 11.7232 -128.707 0.387341 0.128005 0.807744
496 11.1048 -128.844 0.38834 0.135355 0.8092
497 10.6509 -127.536 0.389338 0.14624 0.811274
498 10.0865 -128.399 0.390337 0.161197 0.814052
499 9.61655 -130.63 0.391335 0.180892 0.81762
500 9.73013 -130.089 0.392334 0.206208 0.822116
501 9.86314 -129.976 0.393332 0.238102 0.827663
502 9.97956 -130.122 0.394331 0.277583 0.834389
503 11.5876 -130.041 0.395329 0.325562 0.842391
504 13.0382 -129.478 0.396328 0.382681 0.851706
505 13.5138 -129.359 0.397326 0.449116 0.862279
506 13.8862 -129.668 0.398324 0.52443 0.873946
507 14.7108 -130.398 0.399322 0.607274 0.886328
508 15.7719 -130.667 0.400321 0.696826 0.899448
509 17.587 -129.941 0.401319 0.790364 0.91261
510 19.0392 -130.534 0.402317 0.886241 0.925636
511 23.6157 -131.383 0.403315 0.98276 0.938303
512 25.664 -132.428 0.404313 1.07861 0.950475
513 24.8177 -133.353 0.405311 1.17285 0.962088
514 24.52 -135.4 0.406309 1.26485 0.973129
515 25.8368 -135.962 0.407307 1.35424 0.983617
516 26.3272 -136.179 0.408305 1.44079 0.993587
517 31.8947 -136.464 0.409303 1.52438 1.00308
518 32.7348 -137.984 0.410301 1.6049 1.01213
519 34.1783 -139.619 0.411298 1.68229 1.02077
520 35.8926 -141.804 0.412296 1.75645 1.02902
521 37.0063 -142.254 0.413294 1.8273 1.0369
522 37.1318 -143.681 0.414292 1.89482 1.04444
523 46.4135 -143.255 0.415289 1.95946 1.05165
524 51.2642 -141.602 0.416287 2.01986 1.05849
525 55.9094 -138.77 0.417284 2.07604 1.065
526 64.4215 -137.332 0.418282 2.12913 1.0712
527 65.8997 -139.386 0.419279 2.17842 1.07708
528 68.5818 -139.736 0.420277 2.22386 1.08263
529 70.9396 -141.549 0.421274 2.26539 1.08786
530 74.104 -142.867 0.422272 2.30296 1.09278
531 78.586 -142.919 0.423269 2.33654 1.09737
532 83.0251 -142.543 0.424266 2.3661 1.10164
533 88.322 -143.827 0.425263 2.39163 1.10558
534 93.8721 -144.195 0.426261 2.41312 1.10919
535 98.86 -144.765 0.427258 2.43057 1.11249
536 103.165 -146.884 0.428255 2.44399 1.11546
537 112.546 -146.449 0.429252 2.45344 1.11811
538 114.599 -146.495 0.430249 2.45889 1.12043
539 119.239 -147.009 0.431246 2.46042 1.12241
540 123.42 -148.831 0.432243 2.45806 1.12407
541 124.134 -149.612 0.43324 2.45188 1.12539
542 133.783 -146.48 0.434237 2.44194 1.12638
543 154.036 -142.81 0.435234 2.42831 1.12704
544 162.035 -142.064 0.43623 2.41107 1.12736
545 162.311 -141.318 0.437227 2.3903 1.12734
546 163.903 -142.833 0.438224 2.36611 1.12698
547 165.012 -143.041 0.439221 2.33857 1.12629
548 169.104 -143.852 0.440217 2.30778 1.12525
549 176.98 -145.031 0.441214 2.27388 1.12387
550 188.497 -144.02 0.44221 2.23696 1.12214
551 192.041 -143.396 0.443207 2.19712 1.12007
552 196.241 -142.196 0.444203 2.1545 1.11765
553 199.896 -140.949 0.4452 2.10919 1.11487
554 205.643 -139.574 0.446196 2.06131 1.11175
555 206.11 -140.42 0.447192 2.011 1.10826
556 204.862 -143.113 0.448189 1.95835 1.1044
557 211.199 -142.701 0.449185 1.90349 1.10018
558 221.954 -140.474 0.450181 1.84652 1.09558
559 222.097 -141.268 0.451178 1.78758 1.09059
560 221.264 -141.903 0.452174 1.72669 1.0852
561 222.508 -142.359 0.45317 1.66404 1.07942
562 225.095 -142.969 0.454166 1.59964 1.07319
563 228.111 -142.799 0.455162 1.5336 1.06651
564 228.622 -141.533 0.456158 1.46596 1.05935
565 228.592 -140.034 0.457154 1.39714 1.05169
566 226.45 -141.01 0.45815 1.32646 1.04348
567 224.695 -141.437 0.459146 1.25408 1.03469
568 222.39 -142.168 0.460141 1.18073 1.02528
569 220.698 -144.007 0.461137 1.10625 1.01524
570 221.673 -145.006 0.462133 1.03094 1.00455
571 220.781 -146.196 0.463129 0.955222 0.99323
572 219.524 -144.981 0.464124 0.879685 0.981354
573 217.969 -142.794 0.46512 0.805107 0.969038
574 215.832 -141.93 0.466116 0.732416 0.956457
575 213.453 -140.246 0.467111 0.662631 0.943837
576 208.002 -139.942 0.468107 0.596763 0.931437
577 202.321 -139.616 0.469102 0.53571 0.919522
578 198.025 -138.881 0.470097 0.480157 0.908327
579 193.836 -134.967 0.471093 0.430526 0.898041
580 187.987 -132.096 0.472088 0.386958 0.888799
581 179.341 -132.171 0.473083 0.349351 0.880663
582 168.004 -136.956 0.474079 0.317418 0.873643
583 155.563 -139.286 0.475074 0.290758 0.86771
584 142.978 -140.75 0.476069 0.268916 0.862809
585 130.088 -143.566 0.477064 0.251438 0.858874
586 118.269 -149.624 0.478059 0.237847 0.855793
587 109.212 -153.542 0.479054 0.227917 0.8536
588 100.857 -157.462 0.480049 0.221293 0.852198
589 94.2564 -161.852 0.481044 0.217772 0.851553
590 90.0429 -162.483 0.482039 0.21723 0.851645
591 86.9685 -163.537 0.483034 0.219625 0.852475
592 85.3925 -161.292 0.484029 0.225045 0.854096
593 85.8684 -158.145 0.485024 0.233496 0.856463
594 86.8939 -156.75 0.486018 0.245206 0.859658
595 88.8839 -156.005 0.487013 0.260416 0.86374
596 91.8397 -155.151 0.488008 0.279418 0.868779
597 96.1998 -151.627 0.489002 0.302533 0.874848
598 102.713 -145.8 0.489997 0.330091 0.882017
599 109.59 -142.288 0.490991 0.36239 0.890346
600 115.584 -138.786 0.491986 0.399653 0.89987
601 123.89 -133.216 0.49298 0.441981 0.910576
602 133.106 -128.077 0.493975 0.489303 0.922412
603 143.088 -122.164 0.494969 0.541338 0.935264
604 153.927 -115.951 0.495963 0.597585 0.948962
605 163.526 -111.385 0.496958 0.657346 0.96329
606 173.289 -108.299 0.497952 0.719759 0.977999
607 184.162 -104.462 0.498946 0.783904 0.992852
608 194.599 -100.058 0.49994 0.848846 1.00761
609 201.715 -97.8774 0.500934 0.913726 1.0221
610 208.934 -95.8519 0.501929 0.977942 1.03611
611 217.652 -91.748 0.502923 1.04051 1.04968
612 225.265 -88.0659 0.503916 1.10138 1.06263
613 228.309 -88.1958 0.50491 1.16012 1.07496
614 229.412 -89.4861 0.505904 1.21652 1.08669
615 231.798 -86.9069 0.506898 1.27052 1.09783
616 236.802 -82.5234 0.507892 1.32198 1.10839
617 240.129 -81.5493 0.508886 1.37092 1.1184
618 238.657 -82.5092 0.509879 1.41733 1.1279
619 237.569 -84.2006 0.510873 1.46122 1.1369
620 234.848 -87.2925 0.511867 1.50262 1.14544
621 235.341 -86.0999 0.51286 1.54152 1.15353
622 239.09 -81.3483 0.513854 1.57795 1.16118
623 238.579 -81.1043 0.514847 1.61192 1.16842
624 234.394 -83.2811 0.515841 1.64341 1.17524
625 230.571 -82.1736 0.516834 1.67249 1.18168
626 226.647 -82.3118 0.517828 1.69913 1.18773
627 223.823 -83.728 0.518821 1.72329 1.19338
628 216.724 -86.3759 0.519814 1.74506 1.19866
629 211.775 -86.6335 0.520807 1.7644 1.20356
630 210.658 -85.8806 0.521801 1.78135 1.20809
631 209.758 -85.6984 0.522794 1.7959 1.21225
632 206.734 -85.2608 0.523787 1.80808 1.21604
633 203.84 -85.5155 0.52478 1.8179 1.21946
634 204.592 -86.1791 0.525773 1.82538 1.22252
635 198.98 -86.6975 0.526766 1.83056 1.22521
636 185.665 -90.9609 0.527759 1.83344 1.22754
637 178.95 -92.2043 0.528752 1.83407 1.2295
638 173.967 -92.4554 0.529744 1.83246 1.2311
639 171.169 -92.1819 0.530737 1.82867 1.23234
640 167.476 -93.365 0.53173 1.82271 1.23321
641 162.485 -95.1011 0.532723 1.81462 1.23372
642 160.195 -93.6607 0.533715 1.80445 1.23386
643 151.409 -95.6706 0.534708 1.79223 1.23363
644 142.624 -98.7541 0.535701 1.77801 1.23304
645 139.68 -100.518 0.536693 1.76183 1.23207
646 135.882 -100.989 0.537686 1.74373 1.23074
647 132.824 -100.411 0.538678 1.72375 1.22903
648 129.638 -98.8007 0.53967 1.70194 1.22694
649 123.707 -99.7118 0.540663 1.67835 1.22447
650 115.849 -102.229 0.541655 1.65303 1.22162
651 112.806 -102.533 0.542647 1.62599 1.21837
652 109.74 -103.582 0.543639 1.59726 1.21472
653 105.432 -105.52 0.544632 1.56695 1.21068
654 99.9456 -105.651 0.545624 1.53505 1.20622
655 95.7958 -105.434 0.546616 1.50159 1.20133
656 91.4569 -107.824 0.547608 1.46662 1.19601
657 84.1908 -109.882 0.5486 1.43015 1.19023
658 77.363 -111.556 0.549592 1.39223 1.18399
659 71.5427 -113.718 0.550584 1.35286 1.17726
660 68.9428 -114.262 0.551575 1.31209 1.17003
661 65.1524 -114.05 0.552567 1.26995 1.16228
662 59.2622 -115.205 0.553559 1.2265 1.15399
663 59.2215 -114.005 0.554551 1.1818 1.14515
664 57.8364 -113.299 0.555542 1.13595 1.13575
665 53.2386 -114.63 0.556534 1.08911 1.12581
666 47.0173 -118.008 0.557525 1.04146 1.11534
667 41.2714 -120.764 0.558517 0.993246 1.10438
668 38.7522 -122.259 0.559508 0.944774 1.09301
669 36.9997 -122.042 0.5605 0.896409 1.0813
670 34.3265 -122.897 0.561491 0.848565 1.06937
