415 264.989 -110.186 0.307459 0.639797 0.784525
416 295.714 -105.919 0.308461 0.685394 0.786991
417 322.533 -101.944 0.309463 0.729866 0.789346
418 346.047 -98.0938 0.310465 0.773087 0.791596
419 366.233 -96.3935 0.311466 0.814931 0.793747
420 376.136 -97.3667 0.312468 0.855211 0.795811
421 384.448 -97.2326 0.313469 0.893974 0.797779
422 394.118 -94.8113 0.314471 0.931236 0.799661
423 396.288 -94.8901 0.315472 0.966608 0.80146
424 404.444 -95.7818 0.316474 1.00015 0.803178
425 414.085 -93.9833 0.317475 1.0318 0.804817
426 415.225 -93.9936 0.318477 1.06148 0.806378
427 416.2 -95.8604 0.319478 1.08911 0.807861
428 422.018 -95.6184 0.320479 1.11467 0.809262
429 423.503 -94.8303 0.321481 1.13818 0.810592
430 423.675 -94.8532 0.322482 1.15954 0.81185
431 421.535 -97.2111 0.323483 1.17951 0.813139
432 421.951 -97.6374 0.324484 1.1965 0.814245
433 420.076 -97.9129 0.325485 1.21132 0.815277
434 417.527 -97.6882 0.326486 1.22396 0.816238
435 417.349 -95.5506 0.327487 1.23438 0.817124
436 413.021 -94.7359 0.328488 1.24268 0.817942
437 408.847 -94.5977 0.329489 1.24885 0.818688
438 410.801 -94.4481 0.33049 1.25288 0.819363
439 411.462 -92.1609 0.331491 1.25482 0.819966
440 404.582 -92.3367 0.332492 1.2547 0.820499
441 392.636 -92.9943 0.333493 1.25254 0.82096
442 386.265 -92.7622 0.334493 1.24839 0.821351
443 383.046 -93.4723 0.335494 1.24229 0.82167
444 377.253 -94.7572 0.336495 1.2343 0.821918
445 370.243 -95.7785 0.337495 1.22446 0.822094
446 362.015 -98.1962 0.338496 1.21283 0.822199
447 355.332 -97.519 0.339497 1.19947 0.822232
448 343.58 -98.7263 0.340497 1.18444 0.822193
449 336.109 -99.3297 0.341498 1.1678 0.822081
450 328.634 -99.8272 0.342498 1.14962 0.821897
451 319.797 -102.085 0.343498 1.12996 0.82164
452 312.657 -103.278 0.344499 1.10895 0.821312
453 306.725 -102.674 0.345499 1.08655 0.820907
454 297.945 -102.635 0.346499 1.06289 0.820389
455 286.905 -104.731 0.3475 1.03804 0.819833
456 275.3 -107.968 0.3485 1.01208 0.819202
457 265.378 -108.15 0.3495 0.985068 0.818493
458 256.951 -109.39 0.3505 0.957044 0.817702
459 250.446 -109.905 0.3515 0.928175 0.816836
460 242.582 -111.346 0.3525 0.898531 0.815894
461 233.621 -111.925 0.3535 0.868097 0.814868
462 224.889 -108.73 0.3545 0.836656 0.813734
463 215.321 -108.175 0.3555 0.80497 0.812538
464 206.677 -108.663 0.3565 0.773034 0.811272
465 198.931 -110.681 0.3575 0.74033 0.809896
466 189.682 -111.721 0.3585 0.707235 0.808427
467 178.886 -112.634 0.3595 0.673818 0.806864
468 169.238 -113.964 0.360499 0.640132 0.805195
469 159.677 -116.113 0.361499 0.606237 0.803419
470 150.105 -118.084 0.362499 0.572196 0.801531
471 140.864 -118.042 0.363498 0.538062 0.799521
472 131.085 -119.32 0.364498 0.503889 0.797378
473 122.298 -122.096 0.365498 0.469746 0.7951
474 114.541 -122.406 0.366497 0.435701 0.792673
475 106.408 -123.146 0.367497 0.401852 0.79009
476 97.878 -123.808 0.368496 0.36834 0.787346
477 90.6264 -123.351 0.369495 0.335361 0.784446
478 83.3855 -124.489 0.370495 0.303182 0.781407
479 75.5365 -127.423 0.371494 0.272223 0.77829
480 68.2054 -129.84 0.372493 0.242654 0.775064
481 61.94 -131.427 0.373493 0.215124 0.771882
482 56.9911 -133.047 0.374492 0.189941 0.768794
483 52.3361 -134.541 0.375491 0.167399 0.765879
484 48.1128 -134.462 0.37649 0.147667 0.763203
485 44.7888 -136.391 0.377489 0.130772 0.760815
486 42.758 -137.838 0.378488 0.116621 0.758746
487 41.4941 -138.373 0.379487 0.105025 0.756998
488 40.2122 -136.717 0.380486 0.0957777 0.755587
489 40.0567 -131.858 0.381485 0.0886201 0.75448
490 39.8458 -128.465 0.382484 0.0833399 0.753668
491 37.7413 -127.525 0.383483 0.0797533 0.753136
492 34.3808 -126.586 0.384482 0.0777208 0.752871
493 30.8167 -128.575 0.385481 0.077152 0.752865
494 26.7954 -131.68 0.386479 0.0780055 0.753118
495 22.8754 -132.902 0.387478 0.0802868 0.753631
496 19.5768 -133.936 0.388477 0.0840449 0.754415
497 16.9783 -135.433 0.389475 0.0893663 0.755481
498 15.1165 -135.36 0.390474 0.0963605 0.756839
499 13.9681 -135.128 0.391473 0.105171 0.758517
500 13.0972 -135.061 0.392471 0.115911 0.760513
501 12.3099 -135.78 0.39347 0.128683 0.762833
502 11.4748 -137.326 0.394468 0.143535 0.765466
503 10.9075 -137.715 0.395466 0.160433 0.768383
504 10.7239 -137.562 0.396465 0.17925 0.771544
505 10.5975 -138.625 0.397463 0.19976 0.774889
506 10.9993 -139.911 0.398461 0.221703 0.778372
507 11.1366 -141.847 0.39946 0.244569 0.781857
508 11.8715 -142.899 0.400458 0.268127 0.785346
509 12.1752 -142.944 0.401456 0.29197 0.788765
510 11.7952 -145.004 0.402454 0.315782 0.792074
511 12.4411 -144.55 0.403452 0.339324 0.795253
512 13.174 -144.749 0.40445 0.362398 0.798289
513 14.3318 -145.091 0.405448 0.384863 0.801175
514 15.8192 -144.544 0.406446 0.406617 0.803915
515 17.7844 -144.292 0.407444 0.427599 0.806515
516 19.2166 -143.254 0.408442 0.447758 0.808978
517 20.8914 -142.403 0.40944 0.467068 0.811318
518 22.2711 -144.497 0.410438 0.485508 0.81354
519 24.3529 -145.767 0.411436 0.503055 0.815648
520 26.9064 -146.449 0.412433 0.519696 0.817649
521 29.6255 -146.62 0.413431 0.535416 0.819548
522 33.0676 -147.358 0.414429 0.550212 0.821349
523 34.8259 -149.483 0.415426 0.564065 0.823055
524 38.7286 -149.498 0.416424 0.576973 0.824669
525 40.7877 -148.991 0.417422 0.588927 0.826193
526 44.6036 -148.969 0.418419 0.599914 0.827629
527 49.5649 -148.833 0.419416 0.609954 0.828981
528 53.9867 -148.929 0.420414 0.619044 0.830249
529 55.0737 -150.759 0.421411 0.627164 0.831435
530 59.7264 -150.401 0.422409 0.634328 0.832539
531 64.6658 -151.096 0.423406 0.640518 0.83356
532 66.7481 -152.176 0.424403 0.645784 0.834505
533 71.5995 -150.304 0.4254 0.65011 0.835372
534 75.0426 -151.864 0.426398 0.653524 0.836165
535 78.2993 -154.066 0.427395 0.656001 0.836877
536 82.719 -153.541 0.428392 0.657569 0.837513
537 85.9785 -152.845 0.429389 0.658243 0.838073
538 89.9048 -151.919 0.430386 0.658037 0.838557
539 94.1398 -152.491 0.431383 0.656966 0.838966
540 97.8588 -153.949 0.43238 0.655046 0.839299
541 102.877 -154.332 0.433377 0.652296 0.839558
542 105.394 -155.23 0.434374 0.648732 0.839741
543 109.403 -155.801 0.435371 0.644376 0.83985
544 111.258 -156.676 0.436367 0.639246 0.839883
545 113.444 -156.814 0.437364 0.633364 0.83984
546 119.428 -154.835 0.438361 0.62675 0.839722
547 123.422 -156.036 0.439358 0.619427 0.839528
548 124.913 -157.668 0.440354 0.611417 0.839257
549 126.207 -157.657 0.441351 0.602739 0.838908
550 129.606 -156.81 0.442347 0.593414 0.838481
551 132.024 -159.026 0.443344 0.583497 0.83798
552 134.115 -161.47 0.44434 0.572968 0.837396
553 136.632 -161.531 0.445337 0.561867 0.836732
554 139.277 -163.759 0.446333 0.550218 0.835986
555 141.891 -164.637 0.447329 0.53803 0.835154
556 146.54 -161.606 0.448326 0.525367 0.834241
557 148.061 -161.796 0.449322 0.512211 0.833239
558 148.944 -163.592 0.450318 0.498597 0.832147
559 149.413 -165.929 0.451314 0.484545 0.830963
560 150.014 -165.852 0.452311 0.470078 0.829684
561 153.107 -164.727 0.453307 0.455218 0.828307
562 153.938 -167.256 0.454303 0.439979 0.826826
563 154.471 -167.871 0.455299 0.424383 0.825237
564 154.771 -168.254 0.456295 0.408446 0.823535
565 154.17 -169.526 0.457291 0.39219 0.821714
566 152.55 -172.553 0.458287 0.375633 0.819768
567 151.869 -174.219 0.459282 0.358802 0.81769
568 151.557 -172.609 0.460278 0.341728 0.815475
569 152.416 -173.526 0.461274 0.324456 0.813118
570 150.959 -177.209 0.46227 0.307043 0.81062
571 148.974 -180.697 0.463266 0.289566 0.807982
572 149.34 -182.773 0.464261 0.272129 0.805218
573 148.293 -184.688 0.465257 0.254853 0.802339
574 147.034 -186.214 0.466252 0.237889 0.799375
575 144.994 -189.45 0.467248 0.221402 0.796361
576 141.468 -194.452 0.468243 0.205569 0.79334
577 139.015 -197.774 0.469239 0.190565 0.790363
578 139.114 -198.42 0.470234 0.176545 0.78748
579 140.501 -197.471 0.47123 0.16364 0.784741
580 142.087 -196.898 0.472225 0.151947 0.782189
581 143.322 -195.818 0.47322 0.141539 0.77987
582 147.44 -192.536 0.474215 0.132408 0.777791
583 153.248 -185.963 0.475211 0.124554 0.77597
584 158.786 -180.171 0.476206 0.117973 0.774439
585 165.299 -170.858 0.477201 0.112608 0.773191
586 171.136 -163.85 0.478196 0.108412 0.772227
587 174.78 -160.2 0.479191 0.105335 0.771544
588 176.795 -155.7 0.480186 0.103337 0.771141
589 176.45 -152.612 0.481181 0.102383 0.771015
590 173.803 -153.623 0.482176 0.102451 0.771165
591 168.64 -156.717 0.483171 0.103529 0.771592
592 164.228 -160.555 0.484166 0.105619 0.772297
593 161.046 -163.288 0.48516 0.108727 0.773285
594 157.717 -167.36 0.486155 0.112871 0.774558
595 155.086 -168.858 0.48715 0.118066 0.776119
596 153.014 -168.233 0.488144 0.124337 0.777976
597 153.259 -167.054 0.489139 0.131672 0.78011
598 154.724 -165.072 0.490134 0.140058 0.782511
599 155.708 -163.358 0.491128 0.149489 0.785179
600 158.524 -159.376 0.492123 0.159894 0.788081
601 161.785 -155.742 0.493117 0.171192 0.791186
602 165.784 -151.062 0.494112 0.183269 0.794451
603 169.129 -147.546 0.495106 0.195987 0.797833
604 173.308 -143.094 0.4961 0.20919 0.801283
605 176.743 -139.238 0.497094 0.222715 0.804754
606 178.99 -136.342 0.498089 0.236398 0.808204
607 181.298 -136.257 0.499083 0.250086 0.811595
608 184.001 -132.827 0.500077 0.26364 0.814897
609 186.178 -130.021 0.501071 0.276946 0.818087
610 187.704 -128.756 0.502065 0.289908 0.821152
611 188.264 -129.529 0.503059 0.302455 0.824081
612 188.723 -129.949 0.504053 0.314534 0.826872
613 188.847 -126.067 0.505047 0.326107 0.829524
614 187.802 -122.786 0.506041 0.337151 0.832041
615 187.592 -118.617 0.507035 0.347652 0.834426
616 185.84 -118.493 0.508029 0.357602 0.836686
617 183.052 -120.451 0.509022 0.367 0.838825
618 181.17 -119.645 0.510016 0.375846 0.840848
619 179.417 -118.587 0.51101 0.384143 0.842761
620 177.461 -117.608 0.512003 0.391896 0.844569
621 174.013 -118.759 0.512997 0.399115 0.846278
622 170.149 -119.562 0.51399 0.405792 0.847887
623 165.46 -121.138 0.514984 0.411942 0.849402
624 161.824 -121.629 0.515977 0.417567 0.850825
625 159.356 -121.563 0.516971 0.422675 0.85216
626 155.575 -121.553 0.517964 0.427271 0.853409
627 152.91 -120.606 0.518957 0.431361 0.854574
628 151.054 -120.444 0.519951 0.434951 0.855656
629 146.96 -120.816 0.520944 0.438049 0.856658
630 142.661 -121.723 0.521937 0.440659 0.85758
631 138.24 -121.958 0.52293 0.44279 0.858423
632 133.522 -123.224 0.523923 0.444447 0.85919
633 129.83 -124.951 0.524916 0.445636 0.859879
634 127.24 -124.331 0.525909 0.44637 0.860494
635 122.896 -124.84 0.526902 0.44665 0.861033
636 119.377 -124.468 0.527895 0.446492 0.861499
637 115.815 -124.091 0.528888 0.445899 0.861892
638 111.116 -124.747 0.529881 0.444881 0.862211
639 107.017 -123.287 0.530874 0.443444 0.862457
640 102.935 -122.891 0.531866 0.441599 0.86263
641 99.2802 -124.122 0.532859 0.439353 0.86273
642 96.2308 -124.663 0.533852 0.436719 0.862759
643 91.8007 -124.053 0.534844 0.433697 0.862713
644 87.7161 -124.066 0.535837 0.430301 0.862594
645 83.5281 -126.153 0.536829 0.426543 0.862403
646 79.204 -127 0.537822 0.422425 0.862136
647 75.3197 -127.54 0.538814 0.417958 0.861795
648 70.9196 -129.378 0.539807 0.413151 0.861378
649 67.137 -130.295 0.540799 0.408012 0.860885
650 64.996 -127.983 0.541791 0.402551 0.860315
651 62.1778 -127.001 0.542784 0.396776 0.859666
652 58.4415 -128.39 0.543776 0.390694 0.858936
653 55.0487 -128.522 0.544768 0.384312 0.858125
654 53.6546 -125.917 0.54576 0.377639 0.85723
655 50.0143 -128.409 0.546752 0.370683 0.856249
656 46.6871 -129.212 0.547744 0.363448 0.85518
657 43.852 -129.457 0.548736 0.355943 0.854019
658 40.9191 -131.135 0.549728 0.348175 0.852764
659 37.4384 -133.335 0.55072 0.340152 0.851412
660 35.7506 -133.938 0.551712 0.331881 0.84996
661 34.0991 -132.83 0.552703 0.323374 0.848404
662 32.3857 -131.583 0.553695 0.314642 0.846742
663 30.3834 -131.293 0.554687 0.3057 0.844971
664 28.8377 -130.428 0.555679 0.296568 0.843092
665 26.6027 -131.481 0.55667 0.287272 0.841105
666 24.7346 -131.202 0.557662 0.277841 0.839013
667 23.251 -130.778 0.558653 0.268317 0.836823
668 21.9097 -131.543 0.559645 0.258746 0.834542
669 20.2092 -132.606 0.560636 0.249183 0.832185
670 17.2857 -133.389 0.561627 0.239692 0.829769
